&l / nm	I_1 / %
339,5	0,0
339,9	5,8
340,3	7,7
340,7	7,8
341,0	7,9
341,4	8,0
341,8	7,9
342,2	7,9
342,6	8,0
342,9	8,0
343,3	7,9
343,7	7,9
344,1	7,8
344,4	7,8
344,8	7,9
345,2	7,9
345,6	7,9
346,0	7,9
346,3	7,9
346,7	7,9
347,1	7,9
347,5	8,0
347,8	8,0
348,2	8,0
348,6	8,0
349,0	8,0
349,4	8,1
349,7	8,1
350,1	8,0
350,5	8,0
350,9	8,0
351,2	8,0
351,6	8,0
352,0	8,0
352,4	8,0
352,7	7,9
353,1	7,9
353,5	8,0
353,9	8,0
354,3	8,0
354,6	8,0
355,0	8,0
355,4	8,0
355,8	8,0
356,1	8,0
356,5	8,0
356,9	8,0
357,3	8,0
357,6	8,0
358,0	8,0
358,4	8,1
358,8	8,0
359,1	8,0
359,5	8,0
359,9	8,0
360,3	8,0
360,7	8,0
361,0	8,1
361,4	8,1
361,8	8,0
362,2	8,0
362,5	8,1
362,9	8,1
363,3	8,0
363,7	8,0
364,0	8,0
364,4	8,0
364,8	8,0
365,2	8,1
365,5	8,1
365,9	8,1
366,3	8,0
366,7	8,0
367,0	8,0
367,4	8,0
367,8	8,0
368,2	8,0
368,5	8,0
368,9	8,0
369,3	8,0
369,7	8,0
370,0	8,0
370,4	8,0
370,8	8,1
371,2	8,1
371,5	8,1
371,9	8,0
372,3	8,0
372,7	8,0
373,0	8,1
373,4	8,0
373,8	8,0
374,2	8,0
374,5	8,1
374,9	8,1
375,3	8,1
375,7	8,0
376,0	8,0
376,4	8,0
376,8	8,1
377,2	8,1
377,5	8,0
377,9	8,0
378,3	8,1
378,7	8,1
379,0	8,1
379,4	8,0
379,8	8,1
380,1	8,2
380,5	8,1
380,9	8,1
381,3	8,1
381,6	8,1
382,0	8,2
382,4	8,3
382,8	8,3
383,1	8,3
383,5	8,3
383,9	8,3
384,3	8,2
384,6	8,2
385,0	8,2
385,4	8,2
385,8	8,2
386,1	8,1
386,5	8,1
386,9	8,2
387,2	8,3
387,6	8,5
388,0	8,9
388,4	10,5
388,7	14,7
389,1	20,6
389,5	26,0
389,9	29,3
390,2	29,4
390,6	26,0
391,0	20,5
391,3	14,8
391,7	10,6
392,1	8,8
392,5	8,4
392,8	8,3
393,2	8,2
393,6	8,2
394,0	8,1
394,3	8,1
394,7	8,1
395,1	8,2
395,4	8,2
395,8	8,2
396,2	8,3
396,6	8,6
396,9	9,0
397,3	9,0
397,7	8,9
398,0	8,8
398,4	8,7
398,8	8,5
399,2	8,3
399,5	8,3
399,9	8,2
400,3	8,2
400,7	8,2
401,0	8,2
401,4	8,2
401,8	8,2
402,1	8,2
402,5	8,4
402,9	8,8
403,3	9,2
403,6	9,4
404,0	9,4
404,4	9,2
404,7	8,9
405,1	8,5
405,5	8,2
405,9	8,1
406,2	8,1
406,6	8,1
407,0	8,0
407,3	8,1
407,7	8,1
408,1	8,1
408,4	8,1
408,8	8,1
409,2	8,1
409,6	8,1
409,9	8,1
410,3	8,2
410,7	8,1
411,0	8,2
411,4	8,2
411,8	8,1
412,2	8,2
412,5	8,3
412,9	8,3
413,3	8,3
413,6	8,3
414,0	8,3
414,4	8,2
414,7	8,2
415,1	8,2
415,5	8,2
415,9	8,2
416,2	8,1
416,6	8,1
417,0	8,1
417,3	8,2
417,7	8,2
418,1	8,2
418,4	8,2
418,8	8,2
419,2	8,1
419,6	8,1
419,9	8,1
420,3	8,1
420,7	8,1
421,0	8,1
421,4	8,1
421,8	8,1
422,1	8,1
422,5	8,0
422,9	8,1
423,2	8,2
423,6	8,2
424,0	8,1
424,4	8,2
424,7	8,2
425,1	8,2
425,5	8,1
425,8	8,1
426,2	8,1
426,6	8,1
426,9	8,2
427,3	8,2
427,7	8,1
428,0	8,1
428,4	8,1
428,8	8,1
429,1	8,1
429,5	8,2
429,9	8,1
430,3	8,1
430,6	8,2
431,0	8,2
431,4	8,2
431,7	8,1
432,1	8,1
432,5	8,1
432,8	8,2
433,2	8,2
433,6	8,1
433,9	8,1
434,3	8,1
434,7	8,1
435,0	8,2
435,4	8,2
435,8	8,2
436,1	8,1
436,5	8,1
436,9	8,1
437,2	8,0
437,6	8,1
438,0	8,2
438,3	8,2
438,7	8,3
439,1	8,5
439,5	8,7
439,8	8,8
440,2	8,8
440,6	8,7
440,9	8,6
441,3	8,5
441,7	8,3
442,0	8,2
442,4	8,2
442,8	8,2
443,1	8,2
443,5	8,2
443,9	8,3
444,2	8,3
444,6	8,3
445,0	8,3
445,3	8,3
445,7	8,3
446,1	8,3
446,4	8,4
446,8	9,3
447,2	12,0
447,5	17,0
447,9	21,9
448,3	23,7
448,6	21,7
449,0	18,2
449,4	15,3
449,7	13,1
450,1	11,3
450,5	9,8
450,8	8,9
451,2	8,5
451,5	8,4
451,9	8,2
452,3	8,1
452,6	8,1
453,0	8,1
453,4	8,2
453,7	8,2
454,1	8,2
454,5	8,2
454,8	8,1
455,2	8,1
455,6	8,1
455,9	8,1
456,3	8,1
456,7	8,1
457,0	8,1
457,4	8,1
457,8	8,2
458,1	8,2
458,5	8,2
458,9	8,1
459,2	8,0
459,6	8,1
460,0	8,2
460,3	8,2
460,7	8,2
461,0	8,2
461,4	8,2
461,8	8,2
462,1	8,1
462,5	8,1
462,9	8,1
463,2	8,1
463,6	8,2
464,0	8,3
464,3	8,2
464,7	8,1
465,1	8,1
465,4	8,1
465,8	8,1
466,2	8,2
466,5	8,2
466,9	8,2
467,2	8,2
467,6	8,2
468,0	8,1
468,3	8,2
468,7	8,2
469,1	8,1
469,4	8,1
469,8	8,2
470,2	8,2
470,5	8,3
470,9	8,4
471,2	8,7
471,6	9,4
472,0	10,3
472,3	10,8
472,7	10,5
473,1	9,9
473,4	9,2
473,8	8,8
474,2	8,6
474,5	8,4
474,9	8,3
475,2	8,2
475,6	8,2
476,0	8,2
476,3	8,2
476,7	8,2
477,1	8,2
477,4	8,2
477,8	8,1
478,2	8,2
478,5	8,2
478,9	8,1
479,2	8,1
479,6	8,1
480,0	8,2
480,3	8,3
480,7	8,2
481,1	8,2
481,4	8,1
481,8	8,1
482,1	8,1
482,5	8,2
482,9	8,3
483,2	8,2
483,6	8,1
484,0	8,2
484,3	8,3
484,7	8,2
485,0	8,2
485,4	8,3
485,8	8,3
486,1	8,2
486,5	8,2
486,8	8,2
487,2	8,2
487,6	8,2
487,9	8,1
488,3	8,1
488,7	8,2
489,0	8,2
489,4	8,2
489,7	8,3
490,1	8,3
490,5	8,3
490,8	8,3
491,2	8,3
491,5	8,4
491,9	8,9
492,3	10,8
492,6	14,4
493,0	17,6
493,4	18,4
493,7	16,7
494,1	14,0
494,4	11,9
494,8	10,4
495,2	9,5
495,5	8,8
495,9	8,4
496,2	8,3
496,6	8,3
497,0	8,2
497,3	8,2
497,7	8,2
498,0	8,2
498,4	8,2
498,8	8,2
499,1	8,3
499,5	8,4
499,8	8,4
500,2	8,4
500,6	8,6
500,9	9,0
501,3	11,6
501,6	21,1
502,0	38,5
502,4	55,0
502,7	60,0
503,1	51,2
503,4	36,5
503,8	25,3
504,2	19,0
504,5	14,7
504,9	11,7
505,2	10,4
505,6	10,2
506,0	10,1
506,3	9,6
506,7	9,1
507,0	8,8
507,4	8,6
507,8	8,4
508,1	8,3
508,5	8,3
508,8	8,2
509,2	8,2
509,6	8,1
509,9	8,1
510,3	8,1
510,6	8,1
511,0	8,2
511,4	8,2
511,7	8,2
512,1	8,2
512,4	8,2
512,8	8,2
513,1	8,2
513,5	8,2
513,9	8,2
514,2	8,2
514,6	8,2
514,9	8,2
515,3	8,2
515,7	8,2
516,0	8,1
516,4	8,1
516,7	8,1
517,1	8,2
517,4	8,2
517,8	8,1
518,2	8,2
518,5	8,2
518,9	8,2
519,2	8,1
519,6	8,1
520,0	8,1
520,3	8,1
520,7	8,1
521,0	8,1
521,4	8,1
521,7	8,1
522,1	8,1
522,5	8,1
522,8	8,1
523,2	8,2
523,5	8,2
523,9	8,2
524,2	8,2
524,6	8,2
525,0	8,2
525,3	8,2
525,7	8,2
526,0	8,2
526,4	8,2
526,7	8,2
527,1	8,1
527,5	8,1
527,8	8,1
528,2	8,1
528,5	8,1
528,9	8,1
529,2	8,1
529,6	8,2
530,0	8,2
530,3	8,2
530,7	8,2
531,0	8,1
531,4	8,1
531,7	8,1
532,1	8,1
532,5	8,2
532,8	8,2
533,2	8,2
533,5	8,2
533,9	8,2
534,2	8,2
534,6	8,1
534,9	8,1
535,3	8,0
535,7	8,1
536,0	8,1
536,4	8,2
536,7	8,2
537,1	8,1
537,4	8,1
537,8	8,1
538,1	8,2
538,5	8,2
538,9	8,2
539,2	8,2
539,6	8,1
539,9	8,1
540,3	8,1
540,6	8,1
541,0	8,2
541,3	8,2
541,7	8,1
542,1	8,2
542,4	8,1
542,8	8,1
543,1	8,1
543,5	8,1
543,8	8,1
544,2	8,2
544,5	8,2
544,9	8,2
545,3	8,1
545,6	8,1
546,0	8,1
546,3	8,1
546,7	8,1
547,0	8,2
547,4	8,2
547,7	8,2
548,1	8,2
548,4	8,2
548,8	8,2
549,2	8,1
549,5	8,1
549,9	8,1
550,2	8,1
550,6	8,1
550,9	8,2
551,3	8,2
551,6	8,2
552,0	8,2
552,3	8,2
552,7	8,2
553,0	8,1
553,4	8,1
553,8	8,2
554,1	8,2
554,5	8,2
554,8	8,3
555,2	8,2
555,5	8,2
555,9	8,2
556,2	8,2
556,6	8,2
556,9	8,1
557,3	8,1
557,6	8,1
558,0	8,1
558,3	8,2
558,7	8,2
559,1	8,2
559,4	8,2
559,8	8,2
560,1	8,3
560,5	8,2
560,8	8,1
561,2	8,2
561,5	8,3
561,9	8,3
562,2	8,2
562,6	8,2
562,9	8,2
563,3	8,3
563,6	8,3
564,0	8,3
564,3	8,3
564,7	8,3
565,0	8,3
565,4	8,2
565,8	8,2
566,1	8,2
566,5	8,1
566,8	8,2
567,2	8,2
567,5	8,3
567,9	8,2
568,2	8,2
568,6	8,2
568,9	8,2
569,3	8,2
569,6	8,3
570,0	8,3
570,3	8,3
570,7	8,3
571,0	8,3
571,4	8,2
571,7	8,2
572,1	8,3
572,4	8,3
572,8	8,3
573,1	8,3
573,5	8,3
573,8	8,3
574,2	8,3
574,5	8,3
574,9	8,2
575,2	8,2
575,6	8,2
575,9	8,3
576,3	8,3
576,7	8,3
577,0	8,3
577,4	8,3
577,7	8,3
578,1	8,3
578,4	8,3
578,8	8,3
579,1	8,3
579,5	8,3
579,8	8,3
580,2	8,4
580,5	8,4
580,9	8,4
581,2	8,4
581,6	8,5
581,9	8,7
582,3	8,8
582,6	8,9
583,0	9,1
583,3	9,3
583,7	9,3
584,0	9,3
584,4	9,3
584,7	9,3
585,1	9,3
585,4	9,6
585,8	9,9
586,1	10,4
586,5	11,2
586,8	14,2
587,2	31,8
587,5	66,9
587,9	93,4
588,2	100,0
588,6	100,0
588,9	100,0
589,3	100,0
589,6	100,0
589,9	100,0
590,3	100,0
590,6	100,0
591,0	95,7
591,3	69,1
591,7	28,8
592,0	10,6
592,4	10,0
592,7	9,6
593,1	9,3
593,4	9,1
593,8	9,0
594,1	8,9
594,5	8,8
594,8	8,7
595,2	8,7
595,5	8,7
595,9	8,6
596,2	8,6
596,6	8,6
596,9	8,5
597,3	8,5
597,6	8,4
598,0	8,4
598,3	8,4
598,7	8,5
599,0	8,5
599,4	8,4
599,7	8,4
600,1	8,4
600,4	8,4
600,8	8,4
601,1	8,4
601,4	8,3
601,8	8,4
602,1	8,4
602,5	8,4
602,8	8,3
603,2	8,3
603,5	8,3
603,9	8,2
604,2	8,3
604,6	8,3
604,9	8,3
605,3	8,4
605,6	8,4
606,0	8,3
606,3	8,3
606,7	8,3
607,0	8,2
607,3	8,3
607,7	8,3
608,0	8,3
608,4	8,2
608,7	8,2
609,1	8,2
609,4	8,2
609,8	8,2
610,1	8,2
610,5	8,2
610,8	8,2
611,2	8,3
611,5	8,3
611,9	8,3
612,2	8,3
612,5	8,2
612,9	8,3
613,2	8,3
613,6	8,2
613,9	8,1
614,3	8,2
614,6	8,1
615,0	8,1
615,3	8,1
615,7	8,1
616,0	8,2
616,4	8,1
616,7	8,1
617,0	8,1
617,4	8,2
617,7	8,2
618,1	8,2
618,4	8,2
618,8	8,2
619,1	8,2
619,5	8,1
619,8	8,1
620,2	8,2
620,5	8,2
620,8	8,2
621,2	8,2
621,5	8,2
621,9	8,1
622,2	8,2
622,6	8,2
622,9	8,2
623,3	8,1
623,6	8,1
623,9	8,2
624,3	8,2
624,6	8,1
625,0	8,1
625,3	8,2
625,7	8,2
626,0	8,2
626,4	8,2
626,7	8,1
627,0	8,1
627,4	8,1
627,7	8,1
628,1	8,2
628,4	8,2
628,8	8,2
629,1	8,1
629,5	8,1
629,8	8,1
630,1	8,2
630,5	8,2
630,8	8,2
631,2	8,2
631,5	8,2
631,9	8,2
632,2	8,1
632,5	8,1
632,9	8,1
633,2	8,2
633,6	8,2
633,9	8,2
634,3	8,1
634,6	8,1
635,0	8,1
635,3	8,2
635,6	8,2
636,0	8,2
636,3	8,1
636,7	8,0
637,0	8,0
637,4	8,1
637,7	8,2
638,0	8,2
638,4	8,2
638,7	8,2
639,1	8,2
639,4	8,2
639,8	8,1
640,1	8,1
640,4	8,1
640,8	8,2
641,1	8,2
641,5	8,2
641,8	8,2
642,1	8,2
642,5	8,2
642,8	8,2
643,2	8,2
643,5	8,1
643,9	8,1
644,2	8,2
644,5	8,2
644,9	8,2
645,2	8,2
645,6	8,2
645,9	8,2
646,3	8,2
646,6	8,2
646,9	8,2
647,3	8,2
647,6	8,3
648,0	8,3
648,3	8,2
648,6	8,2
649,0	8,2
649,3	8,1
649,7	8,1
650,0	8,1
650,3	8,2
650,7	8,1
651,0	8,1
651,4	8,1
651,7	8,1
652,1	8,1
652,4	8,2
652,7	8,2
653,1	8,2
653,4	8,3
653,8	8,3
654,1	8,1
654,4	8,1
654,8	8,1
655,1	8,1
655,5	8,1
655,8	8,2
656,1	8,2
656,5	8,2
656,8	8,2
657,2	8,3
657,5	8,4
657,8	8,4
658,2	8,3
658,5	8,3
658,9	8,3
659,2	8,2
659,5	8,2
659,9	8,1
660,2	8,1
660,6	8,2
660,9	8,3
661,2	8,3
661,6	8,2
661,9	8,1
662,3	8,2
662,6	8,3
662,9	8,2
663,3	8,2
663,6	8,3
664,0	8,5
664,3	8,5
664,6	8,5
665,0	8,5
665,3	8,5
665,7	8,6
666,0	8,6
666,3	8,7
666,7	8,9
667,0	9,6
667,3	14,3
667,7	32,3
668,0	65,0
668,4	91,8
668,7	100,0
669,0	100,0
669,4	100,0
669,7	100,0
670,1	84,6
670,4	49,7
670,7	24,2
671,1	15,7
671,4	11,8
671,7	10,0
672,1	9,2
672,4	8,8
672,8	8,6
673,1	8,5
673,4	8,4
673,8	8,4
674,1	8,3
674,4	8,3
674,8	8,3
675,1	8,3
675,5	8,2
675,8	8,3
676,1	8,3
676,5	8,3
676,8	8,2
677,2	8,1
677,5	8,2
677,8	8,2
678,2	8,2
678,5	8,2
678,8	8,2
679,2	8,2
679,5	8,1
679,8	8,1
680,2	8,2
680,5	8,2
680,9	8,1
681,2	8,1
681,5	8,1
681,9	8,2
682,2	8,3
682,5	8,3
682,9	8,3
683,2	8,2
683,6	8,2
683,9	8,2
684,2	8,1
684,6	8,1
684,9	8,1
685,2	8,1
685,6	8,1
685,9	8,1
686,2	8,2
686,6	8,2
686,9	8,1
687,3	8,1
687,6	8,1
687,9	8,1
688,3	8,0
688,6	8,1
688,9	8,2
689,3	8,1
689,6	8,1
689,9	8,1
690,3	8,1
690,6	8,1
690,9	8,1
691,3	8,1
691,6	8,1
692,0	8,1
692,3	8,1
692,6	8,1
693,0	8,1
693,3	8,1
693,6	8,1
694,0	8,1
694,3	8,1
694,6	8,1
695,0	8,1
695,3	8,1
695,6	8,1
696,0	8,0
696,3	8,0
696,6	8,1
697,0	8,1
697,3	8,1
697,6	8,1
698,0	8,1
698,3	8,2
698,6	8,1
699,0	8,1
699,3	8,0
699,7	8,1
700,0	8,1
700,3	8,2
700,7	8,2
701,0	8,1
701,3	8,1
701,7	8,1
702,0	8,2
702,3	8,2
702,7	8,2
703,0	8,2
703,3	8,3
703,7	8,2
704,0	8,2
704,3	8,2
704,7	8,3
705,0	8,3
705,3	8,5
705,7	8,8
706,0	10,5
706,3	17,8
706,7	33,9
707,0	53,9
707,3	67,7
707,7	68,3
708,0	57,7
708,3	43,6
708,7	31,7
709,0	23,3
709,3	17,6
709,7	13,7
710,0	11,1
710,3	9,6
710,7	8,8
711,0	8,5
711,3	8,3
711,7	8,2
712,0	8,2
712,3	8,2
712,7	8,2
713,0	8,2
713,3	8,1
713,6	8,2
714,0	8,2
714,3	8,1
714,6	8,0
715,0	8,0
715,3	8,1
715,6	8,1
716,0	8,1
716,3	8,1
716,6	8,1
717,0	8,1
717,3	8,1
717,6	8,1
718,0	8,1
718,3	8,1
718,6	8,1
719,0	8,0
719,3	8,1
719,6	8,1
720,0	8,0
720,3	8,0
720,6	8,0
720,9	8,1
721,3	8,1
721,6	8,1
721,9	8,1
722,3	8,1
722,6	8,0
722,9	8,0
723,3	8,1
723,6	8,1
723,9	8,0
724,3	8,1
724,6	8,1
724,9	8,0
725,2	8,0
725,6	8,1
725,9	8,1
726,2	8,1
726,6	8,1
726,9	8,1
727,2	8,3
727,6	8,5
727,9	9,7
728,2	12,6
728,6	16,4
728,9	19,2
729,2	19,7
729,5	17,8
729,9	15,1
730,2	12,9
730,5	11,3
730,9	10,3
731,2	9,5
731,5	8,8
731,9	8,4
732,2	8,3
732,5	8,2
732,8	8,1
733,2	8,1
733,5	8,1
733,8	8,0
734,2	8,0
734,5	8,1
734,8	8,1
735,1	8,1
735,5	8,2
735,8	8,2
736,1	8,1
736,5	8,0
736,8	8,0
737,1	8,0
737,4	8,1
737,8	8,1
738,1	8,0
738,4	8,1
738,8	8,1
739,1	8,0
739,4	8,0
739,7	8,1
740,1	8,1
740,4	8,1
740,7	8,1
741,1	8,1
741,4	8,0
741,7	8,0
742,0	8,1
742,4	8,2
742,7	8,2
743,0	8,1
743,4	8,0
743,7	8,0
744,0	8,0
744,3	8,0
744,7	8,1
745,0	8,1
745,3	8,0
745,7	8,0
746,0	8,0
746,3	8,0
746,6	8,1
747,0	8,1
747,3	8,1
747,6	8,1
747,9	8,1
748,3	8,1
748,6	8,1
748,9	8,0
749,3	8,1
749,6	8,2
749,9	8,1
750,2	8,0
750,6	8,0
750,9	8,1
751,2	8,1
751,5	8,1
751,9	8,1
752,2	8,1
752,5	8,1
752,8	8,1
753,2	8,0
753,5	8,0
753,8	8,0
754,2	8,1
754,5	8,0
754,8	8,0
755,1	8,0
755,5	8,1
755,8	8,1
756,1	8,1
756,4	8,1
756,8	8,1
757,1	8,1
757,4	8,1
757,7	8,0
758,1	8,0
758,4	8,0
758,7	8,1
759,0	8,1
759,4	8,0
759,7	8,0
760,0	8,1
760,3	8,1
760,7	8,0
761,0	8,0
761,3	8,1
761,6	8,1
762,0	8,0
762,3	8,0
762,6	8,0
762,9	8,0
763,3	8,0
763,6	8,0
763,9	8,1
764,2	8,1
764,6	8,0
764,9	8,0
765,2	8,1
765,5	8,1
765,9	8,1
766,2	8,1
766,5	8,1
766,8	8,0
767,2	8,0
767,5	8,0
767,8	8,0
768,1	8,0
768,5	8,0
768,8	8,1
769,1	8,0
769,4	8,0
769,8	8,1
770,1	8,1
770,4	8,1
770,7	8,1
771,1	8,1
771,4	8,1
771,7	8,1
772,0	8,0
772,3	8,0
772,7	8,0
773,0	8,1
773,3	8,1
773,6	8,1
774,0	8,0
774,3	8,1
774,6	8,1
774,9	8,1
775,3	8,1
775,6	8,1
775,9	8,1
776,2	8,0
776,6	8,0
776,9	8,0
777,2	8,0
777,5	8,0
777,8	8,0
778,2	8,0
778,5	8,0
778,8	8,0
779,1	8,0
779,5	8,0
779,8	8,0
780,1	8,0
780,4	8,0
780,7	8,1
781,1	8,1
781,4	8,2
781,7	8,1
782,0	8,0
782,4	8,0
782,7	8,0
783,0	8,0
783,3	8,0
783,6	8,0
784,0	8,1
784,3	8,0
784,6	8,0
784,9	8,0
785,3	8,0
785,6	8,0
785,9	8,0
786,2	8,0
786,5	8,0
786,9	8,0
787,2	8,0
787,5	8,0
787,8	8,0
788,1	8,0
788,5	8,0
788,8	8,0
789,1	8,0
789,4	8,0
789,7	7,9
790,1	7,9
790,4	8,0
790,7	8,1
791,0	8,1
791,4	8,1
791,7	8,1
792,0	8,1
792,3	8,1
792,6	8,1
793,0	8,1
793,3	8,1
793,6	8,1
793,9	8,1
794,2	8,1
794,6	8,1
794,9	8,1
795,2	8,1
795,5	8,0
795,8	8,0
796,2	8,0
796,5	8,1
796,8	8,0
797,1	8,0
797,4	8,1
797,8	8,0
798,1	8,0
798,4	8,0
798,7	8,0
799,0	8,0
799,4	8,0
799,7	8,1
800,0	8,1
800,3	8,1
800,6	8,0
801,0	7,9
801,3	8,0
801,6	8,0
801,9	8,0
802,2	8,0
802,5	8,0
802,9	8,0
803,2	8,0
803,5	8,0
803,8	8,0
804,1	8,0
804,5	8,0
804,8	8,0
805,1	7,9
805,4	8,0
805,7	8,0
806,1	8,0
806,4	8,0
806,7	8,0
807,0	8,0
807,3	8,0
807,6	8,0
808,0	8,1
808,3	8,1
808,6	8,0
808,9	8,0
809,2	7,9
809,5	7,9
809,9	8,0
810,2	8,1
810,5	8,0
810,8	7,9
811,1	8,0
811,5	8,1
811,8	8,0
812,1	8,0
812,4	8,0
812,7	8,0
813,0	8,0
813,4	7,9
813,7	8,0
814,0	8,0
814,3	8,0
814,6	8,0
814,9	7,9
815,3	8,0
815,6	8,0
815,9	8,0
816,2	8,0
816,5	8,0
816,8	8,0
817,2	8,0
817,5	8,0
817,8	8,1
818,1	8,0
818,4	8,0
818,7	8,0
819,1	8,1
819,4	8,0
819,7	8,1
820,0	8,1
820,3	8,1
820,6	8,1
821,0	8,0
821,3	8,0
821,6	8,0
821,9	8,0
822,2	8,0
822,5	8,0
822,9	8,1
823,2	8,0
823,5	8,0
823,8	8,1
824,1	8,1
824,4	8,1
824,7	8,1
825,1	8,1
825,4	8,0
825,7	8,0
826,0	8,0
826,3	8,0
826,6	8,1
827,0	8,1
827,3	8,0
827,6	8,0
827,9	8,0
828,2	8,0
828,5	8,0
828,8	8,0
829,2	8,0
829,5	7,9
829,8	7,9
830,1	8,0
830,4	8,0
830,7	8,0
831,0	8,1
831,4	8,0
831,7	8,0
832,0	8,0
832,3	8,1
832,6	8,0
832,9	8,0
833,2	8,0
833,6	7,9
833,9	7,9
834,2	7,8
834,5	7,9
834,8	7,9
835,1	8,0
835,4	8,1
835,8	8,1
836,1	8,0
836,4	8,1
836,7	8,1
837,0	8,1
837,3	8,1
837,6	8,0
837,9	8,0
838,3	8,0
838,6	8,1
838,9	8,0
839,2	8,0
839,5	8,0
839,8	8,0
840,1	8,0
840,5	8,0
840,8	8,1
841,1	8,0
841,4	8,0
841,7	8,0
842,0	8,0
842,3	8,0
842,6	8,0
843,0	8,0
843,3	8,1
843,6	8,1
843,9	8,1
844,2	8,0
844,5	8,0
844,8	8,1
845,1	8,1
845,5	8,1
845,8	8,1
846,1	8,0
846,4	8,1
846,7	8,1
847,0	8,1
847,3	8,0
847,6	8,0
847,9	8,0
848,3	8,0
848,6	8,0
848,9	8,0
849,2	8,1
849,5	8,0
849,8	8,0
850,1	8,0
850,4	8,0
850,7	8,1
851,1	8,1
851,4	8,0
851,7	8,0
852,0	8,0
852,3	8,0
852,6	8,0
852,9	8,1
853,2	8,1
853,5	8,0
853,9	8,0
854,2	8,0
854,5	8,0
854,8	8,0
855,1	8,1
855,4	8,0
855,7	8,1
856,0	8,1
856,3	8,0
856,7	8,0
857,0	8,0
857,3	8,0
857,6	8,0
857,9	7,9
858,2	8,0
858,5	8,0
858,8	8,0
859,1	8,1
859,4	8,1
859,8	8,1
860,1	8,0
860,4	8,0
860,7	8,0
861,0	8,0
861,3	8,0
861,6	8,0
861,9	8,0
862,2	8,0
862,5	8,1
862,8	8,1
863,2	8,1
863,5	8,1
863,8	8,1
864,1	8,0
864,4	8,0
864,7	7,9
865,0	8,0
865,3	8,0
865,6	8,0
865,9	8,0
866,2	8,0
866,6	8,0
866,9	8,0
867,2	8,0
867,5	7,9
867,8	7,9
868,1	8,0
868,4	8,1
868,7	8,1
869,0	8,1
869,3	8,0
869,6	8,0
869,9	8,0
870,2	8,1
870,6	8,1
870,9	8,1
871,2	8,0
871,5	8,0
871,8	8,0
872,1	8,0
872,4	8,0
872,7	8,0
873,0	8,0
873,3	8,0
873,6	8,0
873,9	8,0
874,2	8,0
874,6	8,0
874,9	8,1
875,2	8,1
875,5	8,1
875,8	8,1
876,1	8,1
876,4	8,1
876,7	8,0
877,0	8,0
877,3	8,0
877,6	8,0
877,9	8,0
878,2	8,1
878,5	8,1
878,9	8,2
879,2	8,1
879,5	8,1
879,8	8,1
880,1	8,1
880,4	7,9
880,7	7,9
881,0	8,0
881,3	8,0
881,6	8,0
881,9	8,0
882,2	8,0
882,5	8,0
882,8	8,0
883,1	8,0
883,4	8,0
883,7	7,9
884,1	7,9
884,4	8,0
884,7	8,1
885,0	8,1
885,3	8,0
885,6	8,1
885,9	8,1
886,2	8,1
886,5	8,0
886,8	8,0
887,1	8,0
887,4	8,0
887,7	8,0
888,0	8,0
888,3	8,1
888,6	8,1
888,9	8,0
889,2	8,0
889,5	8,0
889,9	8,0
890,2	8,1
890,5	8,0
890,8	7,9
891,1	7,9
891,4	8,0
891,7	8,0
892,0	8,1
892,3	8,1
892,6	8,0
892,9	8,0
893,2	8,0
893,5	8,0
893,8	8,0
894,1	8,0
894,4	8,0
894,7	8,0
895,0	8,0
895,3	8,1
895,6	8,1
895,9	8,1
896,2	8,1
896,5	8,0
896,8	8,0
897,1	8,0
897,4	8,0
897,8	7,9
898,1	7,9
898,4	7,9
898,7	8,0
899,0	8,0
899,3	8,0
899,6	8,0
899,9	8,0
900,2	8,1
900,5	8,1
900,8	8,0
901,1	8,0
901,4	8,0
901,7	8,1
902,0	8,0
902,3	8,0
902,6	8,0
902,9	7,9
903,2	7,9
903,5	8,0
903,8	8,0
904,1	8,0
904,4	8,0
904,7	8,0
905,0	8,0
905,3	8,0
905,6	8,0
905,9	8,1
906,2	8,0
906,5	8,0
906,8	7,9
907,1	7,9
907,4	7,9
907,7	7,9
908,0	8,0
908,3	8,1
908,6	8,1
908,9	8,0
909,2	8,1
909,5	8,1
909,8	8,0
910,1	8,0
910,4	7,9
910,7	8,0
911,0	8,0
911,3	8,0
911,6	8,0
911,9	8,1
912,2	8,1
912,5	8,0
912,8	8,0
913,1	8,1
913,4	8,1
913,7	8,1
914,1	8,0
914,4	8,0
914,7	8,0
915,0	8,0
915,3	8,1
915,6	8,0
915,9	8,0
916,2	8,1
916,5	8,1
916,8	8,1
917,1	8,0
917,4	8,1
917,7	8,1
918,0	8,0
918,3	8,0
918,6	8,0
918,8	8,0
919,1	8,0
919,4	8,0
919,7	8,0
920,0	7,9
920,3	7,9
920,6	8,0
920,9	8,0
921,2	8,0
921,5	8,0
921,8	8,0
922,1	8,0
922,4	8,0
922,7	8,1
923,0	8,1
923,3	8,0
923,6	8,0
923,9	8,1
924,2	8,1
924,5	8,1
924,8	8,1
925,1	8,1
925,4	8,0
925,7	8,0
926,0	8,1
926,3	8,1
926,6	8,0
926,9	8,0
927,2	8,1
927,5	8,1
927,8	8,1
928,1	8,0
928,4	8,0
928,7	8,0
929,0	8,0
929,3	8,0
929,6	8,0
929,9	8,0
930,2	8,0
930,5	8,1
930,8	8,0
931,1	8,0
931,4	8,0
931,7	8,0
932,0	8,0
932,3	8,0
932,6	8,0
932,9	8,0
933,2	8,0
933,5	8,0
933,8	8,1
934,1	8,0
934,4	8,0
934,7	8,0
934,9	8,0
935,2	8,0
935,5	8,0
935,8	8,0
936,1	8,0
936,4	8,0
936,7	8,0
937,0	8,0
937,3	7,9
937,6	7,9
937,9	8,0
938,2	8,0
938,5	8,1
938,8	8,1
939,1	8,0
939,4	8,0
939,7	8,0
940,0	7,9
940,3	8,0
940,6	8,1
940,9	8,0
941,2	8,0
941,5	8,0
941,8	7,9
942,1	8,0
942,3	8,0
942,6	8,0
942,9	8,1
943,2	8,1
943,5	8,0
943,8	8,0
944,1	7,9
944,4	8,0
944,7	8,1
945,0	8,1
945,3	8,1
945,6	8,1
945,9	8,0
946,2	8,0
946,5	8,0
946,8	8,1
947,1	8,0
947,4	8,0
947,7	8,0
948,0	8,0
948,2	8,0
948,5	7,9
948,8	8,0
949,1	8,0
949,4	8,0
949,7	8,0
950,0	8,0
950,3	8,0
950,6	8,0
950,9	8,0
951,2	8,0
951,5	8,1
951,8	8,1
952,1	8,0
952,4	8,0
952,7	8,1
952,9	8,1
953,2	8,1
953,5	8,1
953,8	8,0
954,1	8,0
954,4	8,1
954,7	8,1
955,0	8,1
955,3	8,1
955,6	8,0
955,9	8,1
956,2	8,1
956,5	8,0
956,8	8,1
957,0	8,1
957,3	8,0
957,6	8,0
957,9	8,0
958,2	8,1
958,5	8,1
958,8	8,0
959,1	8,0
959,4	8,1
959,7	8,1
960,0	8,0
960,3	8,0
960,6	8,1
960,8	8,0
961,1	8,0
961,4	8,0
961,7	8,0
962,0	8,0
962,3	8,0
962,6	8,0
962,9	8,0
963,2	8,0
963,5	8,0
963,8	8,0
964,1	8,0
964,3	8,0
964,6	8,0
964,9	8,0
965,2	8,0
965,5	8,0
965,8	8,0
966,1	8,0
966,4	8,0
966,7	8,1
967,0	8,0
967,3	8,0
967,5	8,0
967,8	8,0
968,1	8,0
968,4	8,0
968,7	8,0
969,0	8,1
969,3	8,1
969,6	8,1
969,9	8,1
970,2	8,1
970,5	8,0
970,7	8,0
971,0	8,0
971,3	8,0
971,6	8,0
971,9	8,0
972,2	8,1
972,5	8,1
972,8	8,1
973,1	8,1
973,4	8,0
973,6	8,0
973,9	8,0
974,2	8,0
974,5	8,0
974,8	8,0
975,1	8,0
975,4	8,0
975,7	8,0
976,0	8,0
976,2	8,1
976,5	8,0
976,8	7,9
977,1	8,0
977,4	7,9
977,7	8,0
978,0	8,1
978,3	8,1
978,6	8,0
978,8	8,0
979,1	8,0
979,4	8,0
979,7	8,0
980,0	8,0
980,3	8,0
980,6	8,0
980,9	8,0
981,2	8,0
981,4	8,0
981,7	8,0
982,0	8,0
982,3	8,1
982,6	8,1
982,9	8,0
983,2	8,0
983,5	8,0
983,7	8,0
984,0	8,0
984,3	8,0
984,6	8,0
984,9	8,0
985,2	8,0
985,5	7,9
985,8	8,0
986,0	8,0
986,3	8,0
986,6	8,0
986,9	8,0
987,2	8,0
987,5	8,0
987,8	8,0
988,1	8,0
988,3	8,0
988,6	8,0
988,9	8,0
989,2	8,0
989,5	8,0
989,8	8,1
990,1	8,0
990,3	8,0
990,6	8,0
990,9	8,0
991,2	8,0
991,5	8,0
991,8	8,0
992,1	8,0
992,3	8,0
992,6	8,0
992,9	8,0
993,2	8,0
993,5	8,0
993,8	8,0
994,1	8,0
994,4	8,1
994,6	8,1
994,9	8,0
995,2	8,0
995,5	7,8
995,8	7,8
996,1	7,9
996,3	7,9
996,6	7,9
996,9	7,9
997,2	8,0
997,5	8,1
997,8	8,1
998,1	8,1
998,3	8,1
998,6	8,0
998,9	8,0
999,2	8,0
999,5	8,0
999,8	8,0
1000,1	8,0
1000,3	8,0
1000,6	8,1
1000,9	8,1
1001,2	8,1
1001,5	8,1
1001,8	8,1
1002,0	8,1
1002,3	8,1
1002,6	8,0
1002,9	8,0
1003,2	8,0
1003,5	8,0
1003,7	8,0
1004,0	8,1
1004,3	8,1
1004,6	8,0
1004,9	8,0
1005,2	8,1
1005,4	8,1
1005,7	8,1
1006,0	8,1
1006,3	8,0
1006,6	8,0
1006,9	8,0
1007,1	8,0
1007,4	8,0
1007,7	8,0
1008,0	8,1
1008,3	8,1
1008,6	8,0
1008,8	8,1
1009,1	8,1
1009,4	8,0
1009,7	8,0
1010,0	8,1
1010,3	8,1
1010,5	8,0
1010,8	7,9
1011,1	8,0
1011,4	8,0
1011,7	8,0
1012,0	7,9
1012,2	7,9
1012,5	8,0
1012,8	8,1
1013,1	8,1
1013,4	8,1
1013,6	8,0
1013,9	8,1
1014,2	8,1
1014,5	8,0
1014,8	8,0
1015,1	8,0
1015,3	8,0
1015,6	8,1
1015,9	8,0
1016,2	8,0
1016,5	8,1
1016,7	8,0
1017,0	8,0
1017,3	8,0
1017,6	8,0
1017,9	8,0
1018,1	8,1
1018,4	8,1
1018,7	8,1
1019,0	8,0
1019,3	8,0
1019,6	8,1
