&l / nm	N\AI_1 / %	N\AI_1 / %	I_1 / %
339,5	0,0	0,0	0,0
339,9	6,4	6,3	6,0
340,3	8,5	8,3	8,1
340,7	8,5	8,2	8,2
341,0	8,6	8,3	8,3
341,4	8,6	8,5	8,3
341,8	8,5	8,5	8,2
342,2	8,5	8,4	8,2
342,6	8,5	8,4	8,2
342,9	8,5	8,4	8,3
343,3	8,6	8,5	8,3
343,7	8,6	8,4	8,3
344,1	8,6	8,4	8,3
344,4	8,5	8,4	8,3
344,8	8,6	8,4	8,4
345,2	8,7	8,5	8,4
345,6	8,7	8,5	8,4
346,0	8,6	8,5	8,4
346,3	8,6	8,5	8,3
346,7	8,6	8,4	8,3
347,1	8,6	8,4	8,3
347,5	8,6	8,4	8,4
347,8	8,7	8,4	8,3
348,2	8,6	8,4	8,3
348,6	8,6	8,5	8,5
349,0	8,5	8,5	8,9
349,4	8,5	8,5	9,2
349,7	8,6	8,4	9,3
350,1	8,7	8,4	9,2
350,5	8,7	8,4	9,2
350,9	8,6	8,5	9,3
351,2	8,6	8,5	9,3
351,6	8,6	8,4	9,3
352,0	8,6	8,4	9,3
352,4	8,6	8,5	9,4
352,7	8,6	8,5	9,3
353,1	8,6	8,5	9,4
353,5	8,6	8,5	9,4
353,9	8,6	8,5	9,5
354,3	8,6	8,5	9,5
354,6	8,6	8,5	9,4
355,0	8,7	8,4	9,4
355,4	8,6	8,4	9,4
355,8	8,6	8,4	9,4
356,1	8,7	8,5	9,5
356,5	8,7	8,5	9,4
356,9	8,7	8,5	9,4
357,3	8,7	8,5	9,4
357,6	8,6	8,5	9,5
358,0	8,7	8,4	9,4
358,4	8,7	8,4	9,4
358,8	8,6	8,4	9,4
359,1	8,6	8,5	9,5
359,5	8,6	8,5	9,5
359,9	8,6	8,4	9,6
360,3	8,7	8,4	9,7
360,7	8,7	8,5	9,6
361,0	8,6	8,6	9,5
361,4	8,6	8,5	9,6
361,8	8,6	8,5	9,6
362,2	8,6	8,5	9,6
362,5	8,6	8,6	9,6
362,9	8,6	8,6	9,7
363,3	8,7	8,5	9,7
363,7	8,6	8,5	9,7
364,0	8,7	8,5	9,7
364,4	8,6	8,5	9,7
364,8	8,6	8,5	9,6
365,2	8,6	8,4	9,6
365,5	8,6	8,5	9,7
365,9	8,7	8,5	9,7
366,3	8,7	8,5	9,8
366,7	8,7	8,5	9,7
367,0	8,7	8,5	9,7
367,4	8,7	8,6	9,7
367,8	8,6	8,5	9,8
368,2	8,6	8,5	9,8
368,5	8,7	8,5	9,8
368,9	8,7	8,5	9,7
369,3	8,7	8,5	9,8
369,7	8,7	8,5	9,8
370,0	8,7	8,4	9,7
370,4	8,6	8,4	9,7
370,8	8,6	8,6	9,7
371,2	8,6	8,6	9,7
371,5	8,7	8,5	9,6
371,9	8,7	8,5	9,6
372,3	8,7	8,5	9,6
372,7	8,7	8,5	9,6
373,0	8,7	8,5	9,7
373,4	8,7	8,5	9,6
373,8	8,6	8,6	9,5
374,2	8,6	8,6	9,5
374,5	8,6	8,6	9,6
374,9	8,6	8,6	9,6
375,3	8,7	8,7	9,6
375,7	8,7	8,7	9,7
376,0	8,7	8,6	9,7
376,4	8,7	8,5	9,7
376,8	8,8	8,5	9,6
377,2	8,8	8,6	9,6
377,5	8,8	8,6	9,6
377,9	8,7	8,6	9,6
378,3	8,7	8,5	9,6
378,7	8,7	8,5	9,6
379,0	8,7	8,6	9,7
379,4	8,7	8,6	9,6
379,8	8,8	8,6	9,7
380,1	8,8	8,6	9,6
380,5	8,8	8,6	9,5
380,9	8,8	8,6	9,5
381,3	8,8	8,6	9,7
381,6	8,7	8,6	9,8
382,0	8,7	8,6	9,7
382,4	8,7	8,5	9,7
382,8	8,7	8,5	9,6
383,1	8,7	8,5	9,6
383,5	8,8	8,5	9,6
383,9	8,8	8,6	9,6
384,3	8,8	8,5	9,7
384,6	8,7	8,5	9,7
385,0	8,7	8,5	9,7
385,4	8,8	8,5	9,8
385,8	8,8	8,5	9,8
386,1	8,8	8,6	9,7
386,5	8,7	8,6	9,8
386,9	8,8	8,6	9,9
387,2	8,9	8,6	9,9
387,6	8,8	8,6	9,9
388,0	8,8	8,6	9,8
388,4	8,7	8,5	9,8
388,7	8,7	8,6	9,8
389,1	8,7	8,6	9,8
389,5	8,8	8,6	9,8
389,9	8,9	8,7	10,0
390,2	8,9	8,7	10,0
390,6	8,9	8,6	9,8
391,0	8,8	8,6	9,7
391,3	8,8	8,6	9,7
391,7	8,8	8,6	9,7
392,1	8,8	8,7	9,7
392,5	8,8	8,6	9,7
392,8	8,8	8,6	9,7
393,2	8,7	8,6	9,6
393,6	8,7	8,7	9,7
394,0	8,8	8,6	9,6
394,3	8,8	8,6	9,6
394,7	8,7	8,5	9,6
395,1	8,7	8,5	9,6
395,4	8,7	8,6	9,6
395,8	8,7	8,5	9,7
396,2	8,7	8,6	9,8
396,6	8,8	8,7	9,8
396,9	8,8	8,8	9,9
397,3	8,8	8,7	9,8
397,7	8,8	8,6	9,7
398,0	8,7	8,6	9,8
398,4	8,7	8,6	9,8
398,8	8,7	8,7	9,8
399,2	8,8	8,6	9,8
399,5	8,8	8,6	9,9
399,9	8,7	8,6	10,0
400,3	8,7	8,6	10,1
400,7	8,7	8,6	10,0
401,0	8,7	8,6	10,0
401,4	8,7	8,5	9,9
401,8	8,8	8,6	9,8
402,1	8,8	8,6	9,8
402,5	8,8	8,6	9,8
402,9	8,8	8,5	9,8
403,3	8,7	8,6	9,7
403,6	8,7	8,6	9,8
404,0	8,8	8,6	9,8
404,4	8,8	8,6	9,8
404,7	8,8	8,6	9,8
405,1	8,8	8,6	9,9
405,5	8,7	8,6	9,8
405,9	8,7	8,6	9,9
406,2	8,7	8,7	10,0
406,6	8,7	8,7	10,1
407,0	8,7	8,6	10,3
407,3	8,8	8,6	10,4
407,7	8,8	8,6	10,4
408,1	8,7	8,6	10,4
408,4	8,7	8,6	10,5
408,8	8,7	8,6	10,4
409,2	8,8	8,6	10,2
409,6	8,7	8,6	10,1
409,9	8,7	8,7	10,0
410,3	8,7	8,6	9,9
410,7	8,7	8,6	10,0
411,0	8,8	8,6	10,0
411,4	8,8	8,6	10,0
411,8	8,9	8,6	10,0
412,2	8,8	8,6	9,9
412,5	8,9	8,6	9,8
412,9	8,9	8,6	9,7
413,3	8,8	8,6	9,7
413,6	8,8	8,6	9,7
414,0	8,8	8,6	9,8
414,4	8,8	8,6	9,8
414,7	8,8	8,5	9,7
415,1	8,8	8,5	9,7
415,5	8,7	8,5	9,7
415,9	8,7	8,6	9,7
416,2	8,8	8,6	9,7
416,6	8,8	8,6	9,8
417,0	8,8	8,5	9,8
417,3	8,8	8,5	9,9
417,7	8,8	8,6	10,0
418,1	8,8	8,7	10,1
418,4	8,8	8,7	10,2
418,8	8,7	8,6	10,3
419,2	8,7	8,6	10,2
419,6	8,8	8,6	10,1
419,9	8,8	8,5	10,0
420,3	8,8	8,5	10,0
420,7	8,8	8,6	10,0
421,0	8,8	8,7	10,1
421,4	8,8	8,6	10,2
421,8	8,8	8,6	10,3
422,1	8,8	8,6	10,3
422,5	8,8	8,6	10,3
422,9	8,8	8,6	10,1
423,2	8,8	8,7	10,0
423,6	8,8	8,6	9,8
424,0	8,8	8,6	9,7
424,4	8,8	8,6	9,7
424,7	8,8	8,6	9,6
425,1	8,7	8,6	9,6
425,5	8,7	8,6	9,6
425,8	8,7	8,6	9,6
426,2	8,7	8,6	9,5
426,6	8,7	8,6	9,6
426,9	8,7	8,6	9,7
427,3	8,7	8,6	9,7
427,7	8,7	8,6	9,6
428,0	8,7	8,6	9,6
428,4	8,7	8,6	9,6
428,8	8,7	8,6	9,5
429,1	8,7	8,6	9,5
429,5	8,7	8,7	9,5
429,9	8,7	8,7	9,5
430,3	8,8	8,7	9,5
430,6	8,9	8,6	9,6
431,0	8,8	8,6	9,6
431,4	8,7	8,5	9,7
431,7	8,7	8,5	9,7
432,1	8,7	8,6	9,6
432,5	8,7	8,6	9,6
432,8	8,8	8,6	9,6
433,2	8,8	8,7	9,6
433,6	8,8	8,7	9,7
433,9	8,8	8,6	9,8
434,3	8,8	8,6	9,9
434,7	8,7	8,6	10,1
435,0	8,8	8,6	10,2
435,4	8,8	8,6	10,1
435,8	8,9	8,6	9,9
436,1	8,8	8,5	9,9
436,5	8,8	8,5	9,8
436,9	8,8	8,6	9,7
437,2	8,9	8,6	9,7
437,6	8,9	8,6	9,7
438,0	8,8	8,6	9,6
438,3	8,7	8,6	9,7
438,7	8,7	8,6	9,7
439,1	8,8	8,6	9,7
439,5	8,7	8,7	9,7
439,8	8,7	8,7	9,7
440,2	8,8	8,7	9,7
440,6	8,8	8,7	9,7
440,9	8,8	8,7	9,7
441,3	8,8	8,7	9,8
441,7	8,8	8,7	9,9
442,0	8,8	8,6	9,9
442,4	8,8	8,6	9,9
442,8	8,7	8,6	9,9
443,1	8,7	8,6	10,0
443,5	8,8	8,6	9,9
443,9	8,9	8,7	9,8
444,2	8,9	8,6	9,7
444,6	8,8	8,6	9,8
445,0	8,8	8,6	9,9
445,3	8,8	8,6	9,9
445,7	8,8	8,6	10,0
446,1	8,8	8,6	10,0
446,4	8,7	8,6	10,0
446,8	8,8	8,6	10,1
447,2	8,8	8,6	10,0
447,5	8,8	8,7	10,0
447,9	8,7	8,6	9,9
448,3	8,7	8,6	9,9
448,6	8,8	8,5	9,8
449,0	8,8	8,5	9,8
449,4	8,8	8,6	9,8
449,7	8,8	8,6	10,0
450,1	8,8	8,6	10,1
450,5	8,8	8,6	10,1
450,8	8,8	8,5	10,0
451,2	8,8	8,5	10,1
451,5	8,8	8,5	10,1
451,9	8,8	8,6	10,0
452,3	8,7	8,6	9,9
452,6	8,7	8,6	9,8
453,0	8,7	8,6	9,9
453,4	8,8	8,6	10,0
453,7	8,8	8,6	9,9
454,1	8,8	8,6	9,9
454,5	8,7	8,7	10,0
454,8	8,7	8,7	10,0
455,2	8,8	8,6	9,9
455,6	8,8	8,6	9,9
455,9	8,8	8,6	9,9
456,3	8,8	8,6	10,0
456,7	8,8	8,6	10,0
457,0	8,8	8,7	10,1
457,4	8,8	8,6	10,2
457,8	8,8	8,6	10,3
458,1	8,7	8,7	10,3
458,5	8,8	8,7	10,5
458,9	8,8	8,7	10,6
459,2	8,8	8,6	10,4
459,6	8,8	8,6	10,2
460,0	8,8	8,6	9,9
460,3	8,7	8,6	9,8
460,7	8,8	8,6	9,7
461,0	8,7	8,6	9,6
461,4	8,7	8,6	9,6
461,8	8,7	8,6	9,6
462,1	8,8	8,6	9,7
462,5	8,8	8,6	9,7
462,9	8,8	8,6	9,8
463,2	8,8	8,6	10,1
463,6	8,8	8,6	10,6
464,0	8,7	8,6	10,9
464,3	8,7	8,7	11,0
464,7	8,7	8,7	10,7
465,1	8,7	8,6	10,4
465,4	8,7	8,6	10,2
465,8	8,7	8,5	10,0
466,2	8,7	8,5	9,9
466,5	8,7	8,6	9,8
466,9	8,8	8,6	9,8
467,2	8,8	8,6	9,8
467,6	8,7	8,6	9,9
468,0	8,7	8,6	9,9
468,3	8,8	8,6	9,9
468,7	8,8	8,6	10,0
469,1	8,8	8,6	10,2
469,4	8,7	8,6	10,2
469,8	8,7	8,6	10,1
470,2	8,7	8,6	9,9
470,5	8,8	8,6	9,7
470,9	8,8	8,7	9,6
471,2	8,8	8,7	9,6
471,6	8,8	8,6	9,6
472,0	8,7	8,6	9,7
472,3	8,7	8,6	9,8
472,7	8,8	8,6	9,9
473,1	8,9	8,6	9,9
473,4	8,8	8,6	9,8
473,8	8,8	8,6	9,7
474,2	8,8	8,6	9,6
474,5	8,8	8,6	9,6
474,9	8,7	8,6	9,7
475,2	8,8	8,6	9,7
475,6	8,8	8,7	9,6
476,0	8,8	8,7	9,6
476,3	8,7	8,6	9,6
476,7	8,7	8,6	9,5
477,1	8,7	8,6	9,6
477,4	8,6	8,6	9,6
477,8	8,6	8,6	9,5
478,2	8,7	8,6	9,6
478,5	8,7	8,6	9,6
478,9	8,7	8,6	9,6
479,2	8,6	8,6	9,7
479,6	8,7	8,5	9,7
480,0	8,7	8,5	9,7
480,3	8,7	8,6	9,7
480,7	8,8	8,7	9,8
481,1	8,8	8,7	9,7
481,4	8,8	8,7	9,6
481,8	8,8	8,6	9,6
482,1	8,8	8,7	9,6
482,5	8,7	8,7	9,6
482,9	8,8	8,7	9,6
483,2	8,7	8,6	9,6
483,6	8,7	8,6	9,6
484,0	8,7	8,6	9,7
484,3	8,7	8,6	9,8
484,7	8,7	8,6	9,7
485,0	8,7	8,6	9,8
485,4	8,7	8,7	10,0
485,8	8,8	8,7	10,4
486,1	8,8	8,6	11,6
486,5	8,7	8,6	14,0
486,8	8,8	8,6	16,3
487,2	8,8	8,6	16,9
487,6	8,8	8,6	15,8
487,9	8,7	8,6	14,0
488,3	8,7	8,6	12,6
488,7	8,8	8,6	11,6
489,0	8,8	8,6	10,9
489,4	8,8	8,7	10,4
489,7	8,8	8,7	10,0
490,1	8,8	8,6	9,9
490,5	8,8	8,6	9,9
490,8	8,8	8,6	9,9
491,2	8,7	8,6	9,9
491,5	8,7	8,5	10,0
491,9	8,7	8,5	10,0
492,3	8,7	8,6	10,0
492,6	8,7	8,6	10,1
493,0	8,7	8,5	10,4
493,4	8,7	8,6	10,9
493,7	8,6	8,6	11,6
494,1	8,6	8,7	12,2
494,4	8,7	8,6	12,2
494,8	8,8	8,6	11,9
495,2	8,7	8,6	11,3
495,5	8,7	8,6	10,7
495,9	8,7	8,6	10,5
496,2	8,8	8,6	10,4
496,6	8,8	8,6	10,3
497,0	8,7	8,7	10,3
497,3	8,7	8,6	10,3
497,7	8,8	8,6	10,6
498,0	8,7	8,6	10,8
498,4	8,7	8,6	10,8
498,8	8,8	8,5	10,6
499,1	8,7	8,5	10,4
499,5	8,7	8,6	10,2
499,8	8,8	8,6	10,2
500,2	8,8	8,5	10,3
500,6	8,8	8,6	10,3
500,9	8,8	8,6	10,3
501,3	8,8	8,6	10,5
501,6	8,8	8,7	10,9
502,0	8,8	8,6	11,4
502,4	8,7	8,6	11,5
502,7	8,7	8,6	11,3
503,1	8,8	8,6	11,0
503,4	8,8	8,6	10,6
503,8	8,8	8,6	10,4
504,2	8,8	8,6	10,3
504,5	8,7	8,5	10,2
504,9	8,6	8,6	10,2
505,2	8,6	8,6	10,2
505,6	8,7	8,6	10,2
506,0	8,8	8,6	10,3
506,3	8,8	8,6	10,3
506,7	8,8	8,6	10,3
507,0	8,8	8,6	10,4
507,4	8,8	8,6	10,5
507,8	8,8	8,5	10,5
508,1	8,7	8,5	10,6
508,5	8,7	8,6	10,5
508,8	8,7	8,6	10,6
509,2	8,7	8,7	10,8
509,6	8,7	8,7	10,7
509,9	8,7	8,7	10,4
510,3	8,7	8,6	10,2
510,6	8,7	8,6	10,1
511,0	8,7	8,5	10,0
511,4	8,6	8,5	10,1
511,7	8,6	8,6	10,2
512,1	8,7	8,6	10,2
512,4	8,7	8,6	10,1
512,8	8,7	8,7	10,1
513,1	8,7	8,6	10,0
513,5	8,8	8,6	9,9
513,9	8,8	8,7	9,9
514,2	8,7	8,7	9,8
514,6	8,7	8,6	9,8
514,9	8,8	8,6	9,8
515,3	8,8	8,6	10,0
515,7	8,8	8,7	10,0
516,0	8,8	8,7	9,9
516,4	8,7	8,7	9,9
516,7	8,8	8,6	9,9
517,1	8,8	8,6	10,0
517,4	8,8	8,6	10,1
517,8	8,7	8,6	10,1
518,2	8,7	8,6	10,0
518,5	8,7	8,6	9,9
518,9	8,6	8,6	9,9
519,2	8,6	8,6	9,9
519,6	8,7	8,6	10,0
520,0	8,8	8,6	10,1
520,3	8,8	8,6	10,1
520,7	8,7	8,6	10,2
521,0	8,7	8,6	10,1
521,4	8,8	8,6	9,9
521,7	8,8	8,6	9,9
522,1	8,8	8,7	9,9
522,5	8,7	8,7	9,9
522,8	8,7	8,6	10,1
523,2	8,7	8,6	10,3
523,5	8,7	8,6	10,3
523,9	8,7	8,6	10,2
524,2	8,7	8,6	10,1
524,6	8,7	8,6	10,0
525,0	8,7	8,6	10,0
525,3	8,7	8,6	9,8
525,7	8,7	8,6	9,7
526,0	8,7	8,6	9,8
526,4	8,7	8,6	10,0
526,7	8,7	8,5	10,2
527,1	8,7	8,5	10,5
527,5	8,7	8,6	10,6
527,8	8,7	8,6	10,6
528,2	8,8	8,6	10,6
528,5	8,7	8,6	10,4
528,9	8,7	8,6	10,2
529,2	8,7	8,6	10,1
529,6	8,7	8,6	10,1
530,0	8,7	8,6	10,1
530,3	8,7	8,6	10,1
530,7	8,7	8,5	10,2
531,0	8,7	8,5	10,4
531,4	8,7	8,5	10,3
531,7	8,7	8,6	10,2
532,1	8,7	8,5	10,1
532,5	8,7	8,5	10,0
532,8	8,7	8,6	10,0
533,2	8,8	8,6	9,9
533,5	8,8	8,6	9,9
533,9	8,8	8,6	10,0
534,2	8,8	8,6	10,0
534,6	8,7	8,6	10,2
534,9	8,8	8,6	10,1
535,3	8,8	8,6	9,9
535,7	8,7	8,6	9,9
536,0	8,7	8,6	9,9
536,4	8,8	8,6	9,9
536,7	8,8	8,5	9,9
537,1	8,8	8,6	10,0
537,4	8,8	8,6	10,1
537,8	8,7	8,5	10,1
538,1	8,7	8,5	10,0
538,5	8,7	8,5	10,0
538,9	8,7	8,6	10,0
539,2	8,7	8,7	10,2
539,6	8,8	8,6	10,5
539,9	8,8	8,6	10,5
540,3	8,8	8,6	10,5
540,6	8,7	8,6	10,5
541,0	8,7	8,6	10,5
541,3	8,8	8,7	10,4
541,7	8,8	8,7	10,3
542,1	8,7	8,6	10,3
542,4	8,8	8,5	10,5
542,8	8,7	8,6	10,8
543,1	8,7	8,6	10,9
543,5	8,7	8,6	10,8
543,8	8,8	8,6	10,6
544,2	8,7	8,6	10,4
544,5	8,7	8,6	10,2
544,9	8,7	8,6	10,0
545,3	8,7	8,6	9,8
545,6	8,7	8,6	9,7
546,0	8,6	8,6	9,7
546,3	8,6	8,5	9,9
546,7	8,8	8,5	10,0
547,0	8,8	8,5	9,9
547,4	8,7	8,6	9,9
547,7	8,7	8,6	9,9
548,1	8,7	8,7	9,9
548,4	8,7	8,7	9,9
548,8	8,7	8,6	9,9
549,2	8,7	8,6	9,9
549,5	8,7	8,6	9,8
549,9	8,7	8,6	9,7
550,2	8,7	8,6	9,8
550,6	8,7	8,6	10,0
550,9	8,7	8,6	10,2
551,3	8,7	8,6	10,2
551,6	8,7	8,5	10,1
552,0	8,7	8,5	10,0
552,3	8,7	8,6	9,9
552,7	8,6	8,6	9,9
553,0	8,6	8,5	9,8
553,4	8,6	8,6	9,8
553,8	8,7	8,6	9,8
554,1	8,7	8,7	10,1
554,5	8,8	8,6	10,4
554,8	8,8	8,6	10,5
555,2	8,9	8,6	10,4
555,5	8,8	8,6	10,3
555,9	8,7	8,6	10,2
556,2	8,7	8,6	10,0
556,6	8,7	8,6	10,0
556,9	8,7	8,6	9,9
557,3	8,7	8,7	9,8
557,6	8,7	8,7	9,7
558,0	8,7	8,7	9,5
558,3	8,7	8,6	9,5
558,7	8,7	8,6	9,6
559,1	8,8	8,6	9,6
559,4	8,7	8,5	9,7
559,8	8,7	8,5	9,7
560,1	8,7	8,5	9,7
560,5	8,8	8,6	9,9
560,8	8,8	8,6	10,0
561,2	8,8	8,6	10,0
561,5	8,8	8,5	9,9
561,9	8,8	8,5	9,8
562,2	8,7	8,6	9,9
562,6	8,6	8,5	9,9
562,9	8,7	8,5	9,9
563,3	8,7	8,6	9,9
563,6	8,7	8,7	9,9
564,0	8,6	8,7	10,0
564,3	8,6	8,6	10,0
564,7	8,7	8,6	9,9
565,0	8,7	8,6	9,8
565,4	8,7	8,6	9,8
565,8	8,7	8,5	9,9
566,1	8,7	8,5	10,1
566,5	8,8	8,6	10,3
566,8	8,8	8,6	10,3
567,2	8,8	8,5	10,2
567,5	8,7	8,5	10,1
567,9	8,7	8,6	9,9
568,2	8,7	8,6	9,9
568,6	8,7	8,6	9,9
568,9	8,7	8,6	10,1
569,3	8,7	8,7	10,6
569,6	8,7	8,7	10,9
570,0	8,8	8,7	11,0
570,3	8,7	8,7	10,9
570,7	8,7	8,7	10,9
571,0	8,8	8,7	10,8
571,4	8,8	8,6	10,7
571,7	8,7	8,6	10,6
572,1	8,7	8,5	10,4
572,4	8,7	8,5	10,3
572,8	8,7	8,5	10,3
573,1	8,7	8,6	10,6
573,5	8,7	8,6	11,1
573,8	8,7	8,7	11,8
574,2	8,7	8,7	12,3
574,5	8,7	8,6	12,4
574,9	8,7	8,6	12,0
575,2	8,8	8,6	11,4
575,6	8,8	8,6	10,9
575,9	8,8	8,6	10,7
576,3	8,7	8,5	10,8
576,7	8,7	8,5	11,1
577,0	8,7	8,5	11,2
577,4	8,7	8,6	11,4
577,7	8,8	8,6	11,5
578,1	8,7	8,6	11,8
578,4	8,7	8,6	12,0
578,8	8,7	8,6	12,3
579,1	8,7	8,6	12,7
579,5	8,7	8,7	12,8
579,8	8,6	8,6	12,6
580,2	8,7	8,6	12,3
580,5	8,7	8,5	11,9
580,9	8,6	8,6	11,7
581,2	8,6	8,5	11,8
581,6	8,7	8,5	12,5
581,9	8,7	8,6	13,4
582,3	8,7	8,7	14,0
582,6	8,7	8,6	14,0
583,0	8,7	8,5	13,6
583,3	8,7	8,6	13,0
583,7	8,8	8,6	12,6
584,0	8,7	8,6	12,6
584,4	8,7	8,6	12,7
584,7	8,7	8,5	12,6
585,1	8,7	8,5	12,1
585,4	8,7	8,6	11,5
585,8	8,7	8,6	11,1
586,1	8,6	8,6	10,9
586,5	8,6	8,5	10,8
586,8	8,6	8,5	10,9
587,2	8,7	8,6	11,2
587,5	8,7	8,6	11,8
587,9	8,8	8,6	12,2
588,2	8,7	8,6	12,4
588,6	8,7	8,6	12,6
588,9	8,7	8,6	13,0
589,3	8,7	8,6	13,3
589,6	8,7	8,6	13,4
589,9	8,7	8,5	13,0
590,3	8,7	8,5	12,2
590,6	8,7	8,6	11,3
591,0	8,7	8,6	10,8
591,3	8,7	8,5	10,6
591,7	8,8	8,6	10,7
592,0	8,8	8,6	11,2
592,4	8,7	8,5	11,7
592,7	8,6	8,6	12,2
593,1	8,7	8,6	12,6
593,4	8,7	8,6	13,0
593,8	8,6	8,6	13,4
594,1	8,7	8,6	13,6
594,5	8,7	8,6	13,6
594,8	8,6	8,6	13,7
595,2	8,6	8,6	13,5
595,5	8,6	8,6	13,0
595,9	8,7	8,6	12,7
596,2	8,7	8,6	12,4
596,6	8,7	8,6	12,2
596,9	8,7	8,6	12,0
597,3	8,7	8,5	12,1
597,6	8,6	8,5	12,6
598,0	8,6	8,5	13,2
598,3	8,8	8,5	13,6
598,7	8,8	8,6	13,5
599,0	8,7	8,6	12,9
599,4	8,7	8,6	12,5
599,7	8,7	8,6	12,3
600,1	8,7	8,6	12,0
600,4	8,6	8,6	11,5
600,8	8,7	8,6	11,3
601,1	8,7	8,5	11,2
601,4	8,7	8,5	11,2
601,8	8,7	8,6	11,4
602,1	8,7	8,6	12,2
602,5	8,7	8,6	13,3
602,8	8,7	8,7	14,3
603,2	8,7	8,6	15,0
603,5	8,8	8,6	15,4
603,9	8,8	8,6	15,2
604,2	8,8	8,5	14,2
604,6	8,7	8,5	13,0
604,9	8,7	8,5	12,0
605,3	8,7	8,5	11,5
605,6	8,7	8,5	11,3
606,0	8,7	8,6	11,3
606,3	8,7	8,6	11,2
606,7	8,7	8,6	11,3
607,0	8,6	8,6	11,6
607,3	8,6	8,6	12,2
607,7	8,7	8,6	12,6
608,0	8,7	8,6	12,9
608,4	8,6	8,6	13,0
608,7	8,6	8,6	13,2
609,1	8,7	8,6	13,1
609,4	8,7	8,6	12,9
609,8	8,7	8,5	12,8
610,1	8,8	8,6	12,8
610,5	8,8	8,6	12,6
610,8	8,7	8,5	12,0
611,2	8,6	8,6	11,3
611,5	8,7	8,6	10,5
611,9	8,8	8,6	10,2
612,2	8,7	8,6	10,5
612,5	8,7	8,5	11,3
612,9	8,6	8,5	12,3
613,2	8,6	8,5	12,9
613,6	8,7	8,6	13,1
613,9	8,7	8,6	13,2
614,3	8,7	8,6	13,1
614,6	8,7	8,6	12,8
615,0	8,7	8,6	12,2
615,3	8,7	8,6	11,5
615,7	8,7	8,5	11,0
616,0	8,8	8,5	10,7
616,4	8,7	8,5	10,6
616,7	8,6	8,5	10,8
617,0	8,6	8,6	10,9
617,4	8,7	8,6	11,0
617,7	8,8	8,6	11,2
618,1	8,7	8,6	11,3
618,4	8,7	8,5	11,5
618,8	8,7	8,5	11,5
619,1	8,7	8,6	11,2
619,5	8,6	8,6	10,8
619,8	8,6	8,6	10,7
620,2	8,6	8,5	11,1
620,5	8,7	8,6	11,6
620,8	8,7	8,6	11,9
621,2	8,7	8,5	11,6
621,5	8,7	8,5	10,8
621,9	8,8	8,5	10,2
622,2	8,8	8,6	10,0
622,6	8,7	8,6	10,3
622,9	8,6	8,6	11,1
623,3	8,7	8,6	11,9
623,6	8,7	8,5	12,2
623,9	8,6	8,5	12,1
624,3	8,6	8,6	11,8
624,6	8,7	8,6	11,4
625,0	8,8	8,6	10,9
625,3	8,7	8,6	10,3
625,7	8,8	8,6	9,8
626,0	8,8	8,6	9,5
626,4	8,7	8,6	9,4
626,7	8,7	8,6	9,4
627,0	8,8	8,6	9,4
627,4	8,7	8,6	9,5
627,7	8,7	8,6	9,8
628,1	8,7	8,6	10,1
628,4	8,7	8,6	10,2
628,8	8,7	8,6	10,3
629,1	8,7	8,6	10,2
629,5	8,7	8,5	10,0
629,8	8,7	8,6	9,9
630,1	8,7	8,6	10,0
630,5	8,7	8,6	10,2
630,8	8,7	8,5	10,4
631,2	8,7	8,5	10,3
631,5	8,7	8,6	9,9
631,9	8,7	8,6	9,6
632,2	8,7	8,6	9,3
632,5	8,8	8,6	9,4
632,9	8,7	8,5	9,9
633,2	8,7	8,6	10,5
633,6	8,8	8,6	10,9
633,9	8,8	8,6	10,9
634,3	8,7	8,6	10,6
634,6	8,6	8,6	10,2
635,0	8,6	8,6	9,9
635,3	8,7	8,6	9,6
635,6	8,8	8,6	9,4
636,0	8,8	8,5	9,2
636,3	8,7	8,5	9,2
636,7	8,7	8,5	9,2
637,0	8,7	8,6	9,3
637,4	8,7	8,6	9,3
637,7	8,8	8,6	9,4
638,0	8,8	8,6	9,4
638,4	8,8	8,5	9,4
638,7	8,7	8,5	9,4
639,1	8,6	8,4	9,4
639,4	8,6	8,5	9,3
639,8	8,6	8,5	9,2
640,1	8,7	8,5	9,3
640,4	8,7	8,5	9,4
640,8	8,7	8,6	9,5
641,1	8,7	8,6	9,4
641,5	8,6	8,6	9,3
641,8	8,6	8,6	9,1
642,1	8,7	8,6	9,0
642,5	8,7	8,6	9,0
642,8	8,7	8,6	9,0
643,2	8,8	8,6	9,2
643,5	8,8	8,5	9,3
643,9	8,8	8,5	9,5
644,2	8,8	8,6	9,6
644,5	8,7	8,6	9,6
644,9	8,7	8,6	9,4
645,2	8,8	8,6	9,1
645,6	8,8	8,6	9,0
645,9	8,8	8,5	8,9
646,3	8,8	8,5	8,8
646,6	8,7	8,5	8,8
646,9	8,7	8,5	8,8
647,3	8,6	8,6	8,8
647,6	8,7	8,6	8,8
648,0	8,7	8,6	8,8
648,3	8,7	8,6	8,8
648,6	8,6	8,6	8,8
649,0	8,6	8,6	8,8
649,3	8,6	8,6	8,8
649,7	8,8	8,6	8,8
650,0	8,8	8,6	8,8
650,3	8,8	8,6	8,8
650,7	8,6	8,6	8,8
651,0	8,6	8,6	8,8
651,4	8,6	8,6	8,8
651,7	8,7	8,6	8,8
652,1	8,7	8,5	8,9
652,4	8,7	8,5	9,1
652,7	8,7	8,5	9,3
653,1	8,7	8,5	9,2
653,4	8,7	8,5	9,1
653,8	8,7	8,5	9,1
654,1	8,7	8,5	9,3
654,4	8,7	8,6	9,3
654,8	8,7	8,6	9,2
655,1	8,6	8,6	9,2
655,5	8,6	8,6	9,5
655,8	8,6	8,6	11,8
656,1	8,6	8,6	21,9
656,5	8,7	8,6	43,2
656,8	8,7	8,6	67,2
657,2	8,7	8,6	79,4
657,5	8,8	8,6	74,0
657,8	8,8	8,6	57,4
658,2	8,7	8,6	40,2
658,5	8,7	8,5	27,8
658,9	8,7	8,5	19,7
659,2	8,7	8,6	14,5
659,5	8,7	8,6	11,4
659,9	8,7	8,6	9,9
660,2	8,7	8,6	9,3
660,6	8,7	8,7	9,1
660,9	8,7	8,7	8,9
661,2	8,7	8,6	8,9
661,6	8,6	8,5	8,8
661,9	8,7	8,5	8,7
662,3	8,8	8,5	8,8
662,6	8,8	8,6	8,8
662,9	8,8	8,6	8,9
663,3	8,7	8,5	8,9
663,6	8,7	8,5	8,9
664,0	8,7	8,5	8,9
664,3	8,8	8,5	8,9
664,6	8,8	8,5	8,8
665,0	8,7	8,5	8,7
665,3	8,7	8,6	8,6
665,7	8,7	8,6	8,6
666,0	8,6	8,5	8,6
666,3	8,6	8,5	8,7
666,7	8,6	8,6	8,7
667,0	8,6	8,6	8,7
667,3	8,6	8,6	8,6
667,7	8,7	8,6	8,6
668,0	8,7	8,6	8,6
668,4	8,7	8,6	8,7
668,7	8,7	8,6	8,8
669,0	8,7	8,6	8,8
669,4	8,6	8,6	8,7
669,7	8,7	8,5	8,8
670,1	8,7	8,6	8,9
670,4	8,7	8,6	9,0
670,7	8,7	8,6	9,0
671,1	8,7	8,6	8,9
671,4	8,7	8,6	8,9
671,7	8,6	8,6	8,8
672,1	8,7	8,6	8,8
672,4	8,6	8,6	8,8
672,8	8,7	8,6	8,8
673,1	8,7	8,6	8,8
673,4	8,7	8,6	8,8
673,8	8,7	8,6	8,8
674,1	8,7	8,7	8,7
674,4	8,8	8,6	8,6
674,8	8,7	8,6	8,6
675,1	8,6	8,6	8,7
675,5	8,7	8,6	8,7
675,8	8,8	8,6	8,8
676,1	8,8	8,6	8,8
676,5	8,8	8,6	8,7
676,8	8,7	8,6	8,7
677,2	8,6	8,6	8,7
677,5	8,6	8,5	8,6
677,8	8,7	8,5	8,6
678,2	8,7	8,6	8,6
678,5	8,7	8,6	8,6
678,8	8,7	8,6	8,6
679,2	8,7	8,5	8,6
679,5	8,7	8,5	8,6
679,8	8,7	8,6	8,7
680,2	8,8	8,6	8,8
680,5	8,7	8,6	8,8
680,9	8,7	8,6	8,8
681,2	8,7	8,6	8,8
681,5	8,7	8,6	8,8
681,9	8,7	8,5	8,9
682,2	8,7	8,6	8,9
682,5	8,7	8,6	8,8
682,9	8,7	8,5	8,8
683,2	8,7	8,5	8,7
683,6	8,8	8,5	8,7
683,9	8,8	8,5	8,7
684,2	8,8	8,5	8,7
684,6	8,7	8,5	8,8
684,9	8,6	8,6	8,8
685,2	8,5	8,6	8,8
685,6	8,6	8,6	8,8
685,9	8,7	8,5	8,8
686,2	8,7	8,5	8,7
686,6	8,6	8,6	8,6
686,9	8,7	8,6	8,6
687,3	8,7	8,5	8,6
687,6	8,7	8,5	8,7
687,9	8,7	8,6	8,8
688,3	8,7	8,5	8,7
688,6	8,7	8,5	8,7
688,9	8,7	8,6	8,7
689,3	8,7	8,7	8,7
689,6	8,7	8,7	8,7
689,9	8,6	8,6	8,6
690,3	8,6	8,5	8,7
690,6	8,6	8,5	8,7
690,9	8,6	8,5	8,7
691,3	8,6	8,5	8,7
691,6	8,7	8,6	8,7
692,0	8,7	8,7	8,7
692,3	8,7	8,7	8,6
692,6	8,7	8,6	8,6
693,0	8,7	8,5	8,6
693,3	8,7	8,5	8,7
693,6	8,7	8,6	8,7
694,0	8,6	8,6	8,7
694,3	8,6	8,6	8,6
694,6	8,7	8,6	8,6
695,0	8,7	8,6	8,6
695,3	8,7	8,6	8,7
695,6	8,7	8,5	8,6
696,0	8,7	8,5	8,6
696,3	8,8	8,5	8,6
696,6	8,8	8,5	8,7
697,0	8,8	8,6	8,7
697,3	8,8	8,5	8,7
697,6	8,7	8,5	8,6
698,0	8,7	8,5	8,6
698,3	8,8	8,5	8,6
698,6	8,8	8,6	8,6
699,0	8,7	8,6	8,6
699,3	8,8	8,5	8,6
699,7	8,8	8,6	8,6
700,0	8,7	8,6	8,7
700,3	8,6	8,6	8,7
700,7	8,7	8,6	8,7
701,0	8,8	8,6	8,7
701,3	8,8	8,5	8,6
701,7	8,7	8,6	8,6
702,0	8,7	8,6	8,6
702,3	8,7	8,6	8,6
702,7	8,7	8,6	8,6
703,0	8,7	8,5	8,6
703,3	8,7	8,5	8,7
703,7	8,8	8,5	8,7
704,0	8,8	8,5	8,8
704,3	8,8	8,5	8,8
704,7	8,8	8,5	8,8
705,0	8,8	8,5	8,8
705,3	8,7	8,5	8,8
705,7	8,7	8,5	8,8
706,0	8,6	8,5	8,8
706,3	8,7	8,5	8,8
706,7	8,7	8,6	8,7
707,0	8,7	8,6	8,7
707,3	8,7	8,6	8,7
707,7	8,7	8,6	8,7
708,0	8,6	8,6	8,6
708,3	8,6	8,6	8,6
708,7	8,6	8,5	8,6
709,0	8,7	8,5	8,6
709,3	8,7	8,5	8,7
709,7	8,7	8,6	8,7
710,0	8,6	8,5	8,7
710,3	8,7	8,5	8,7
710,7	8,7	8,6	8,7
711,0	8,7	8,6	8,7
711,3	8,7	8,6	8,7
711,7	8,7	8,6	8,8
712,0	8,7	8,6	8,8
712,3	8,7	8,5	8,8
712,7	8,7	8,5	8,8
713,0	8,7	8,7	8,7
713,3	8,6	8,6	8,7
713,6	8,7	8,5	8,7
714,0	8,7	8,5	8,6
714,3	8,7	8,5	8,6
714,6	8,7	8,4	8,7
715,0	8,8	8,5	8,7
715,3	8,7	8,6	8,6
715,6	8,7	8,5	8,6
716,0	8,6	8,5	8,7
716,3	8,6	8,6	8,7
716,6	8,7	8,6	8,7
717,0	8,6	8,5	8,6
717,3	8,6	8,5	8,8
717,6	8,6	8,6	8,9
718,0	8,7	8,6	8,9
718,3	8,8	8,6	8,9
718,6	8,7	8,6	9,0
719,0	8,6	8,6	9,1
719,3	8,6	8,6	9,1
719,6	8,6	8,5	9,1
720,0	8,7	8,5	9,0
720,3	8,7	8,5	9,0
720,6	8,7	8,5	9,0
720,9	8,7	8,5	9,0
721,3	8,6	8,6	9,0
721,6	8,6	8,6	8,9
721,9	8,7	8,5	8,8
722,3	8,7	8,6	8,8
722,6	8,7	8,6	8,8
722,9	8,7	8,5	8,9
723,3	8,7	8,4	9,0
723,6	8,7	8,4	9,1
723,9	8,6	8,4	9,1
724,3	8,6	8,6	9,2
724,6	8,7	8,6	9,2
724,9	8,7	8,6	9,3
725,2	8,7	8,5	9,5
725,6	8,7	8,5	9,5
725,9	8,7	8,4	9,5
726,2	8,6	8,5	9,5
726,6	8,6	8,5	9,6
726,9	8,7	8,5	9,6
727,2	8,7	8,5	9,6
727,6	8,7	8,5	9,7
727,9	8,7	8,5	9,6
728,2	8,7	8,5	9,5
728,6	8,7	8,5	9,3
728,9	8,7	8,6	9,2
729,2	8,7	8,5	9,2
729,5	8,7	8,5	9,2
729,9	8,8	8,6	9,3
730,2	8,7	8,6	9,4
730,5	8,7	8,5	9,4
730,9	8,7	8,5	9,4
731,2	8,7	8,6	9,4
731,5	8,7	8,6	9,5
731,9	8,7	8,6	9,5
732,2	8,7	8,5	9,4
732,5	8,7	8,5	9,3
732,8	8,7	8,5	9,2
733,2	8,7	8,5	9,2
733,5	8,6	8,5	9,2
733,8	8,6	8,5	9,1
734,2	8,6	8,5	9,0
734,5	8,7	8,5	8,8
734,8	8,7	8,6	8,9
735,1	8,7	8,6	9,1
735,5	8,7	8,6	9,3
735,8	8,6	8,6	9,5
736,1	8,6	8,6	9,5
736,5	8,6	8,5	9,4
736,8	8,8	8,5	9,3
737,1	8,8	8,5	9,2
737,4	8,8	8,6	9,1
737,8	8,8	8,7	9,1
738,1	8,7	8,7	9,1
738,4	8,6	8,6	9,0
738,8	8,6	8,6	8,9
739,1	8,7	8,6	8,8
739,4	8,7	8,6	8,8
739,7	8,6	8,5	8,9
740,1	8,6	8,6	8,9
740,4	8,6	8,6	8,9
740,7	8,6	8,6	8,9
741,1	8,7	8,5	8,9
741,4	8,7	8,5	8,7
741,7	8,7	8,6	8,7
742,0	8,6	8,6	8,7
742,4	8,6	8,5	8,7
742,7	8,7	8,5	8,7
743,0	8,7	8,5	8,7
743,4	8,7	8,5	8,7
743,7	8,6	8,5	8,8
744,0	8,6	8,5	8,8
744,3	8,7	8,6	8,8
744,7	8,7	8,6	8,9
745,0	8,7	8,6	9,0
745,3	8,7	8,6	9,2
745,7	8,7	8,5	9,3
746,0	8,6	8,5	9,4
746,3	8,6	8,5	9,4
746,6	8,6	8,4	9,4
747,0	8,7	8,5	9,3
747,3	8,8	8,5	9,2
747,6	8,7	8,5	9,2
747,9	8,6	8,5	9,2
748,3	8,6	8,5	9,1
748,6	8,7	8,5	9,0
748,9	8,8	8,5	9,0
749,3	8,7	8,5	8,9
749,6	8,6	8,6	8,8
749,9	8,7	8,6	8,7
750,2	8,7	8,6	8,7
750,6	8,6	8,6	8,8
750,9	8,6	8,5	8,9
751,2	8,6	8,5	8,9
751,5	8,6	8,5	8,9
751,9	8,6	8,6	9,0
752,2	8,7	8,6	9,0
752,5	8,7	8,7	9,1
752,8	8,6	8,7	9,2
753,2	8,6	8,5	9,3
753,5	8,7	8,5	9,4
753,8	8,7	8,5	9,4
754,2	8,7	8,5	9,4
754,5	8,7	8,6	9,5
754,8	8,7	8,6	9,4
755,1	8,8	8,6	9,3
755,5	8,7	8,5	9,2
755,8	8,6	8,5	9,0
756,1	8,6	8,6	8,9
756,4	8,6	8,6	8,9
756,8	8,6	8,6	9,0
757,1	8,7	8,6	9,0
757,4	8,7	8,5	8,9
757,7	8,7	8,5	8,9
758,1	8,6	8,6	8,9
758,4	8,6	8,6	8,9
758,7	8,7	8,5	8,9
759,0	8,7	8,6	8,9
759,4	8,7	8,6	8,9
759,7	8,8	8,6	9,0
760,0	8,8	8,6	9,1
760,3	8,7	8,5	9,4
760,7	8,6	8,5	9,6
761,0	8,6	8,4	9,6
761,3	8,6	8,5	9,6
761,6	8,6	8,6	9,5
762,0	8,6	8,5	9,2
762,3	8,6	8,4	9,0
762,6	8,7	8,4	8,8
762,9	8,7	8,5	8,8
763,3	8,7	8,6	8,9
763,6	8,7	8,6	8,8
763,9	8,7	8,5	8,7
764,2	8,8	8,5	8,7
764,6	8,7	8,5	8,7
764,9	8,7	8,5	8,8
765,2	8,7	8,5	8,9
765,5	8,7	8,6	9,0
765,9	8,7	8,5	9,1
766,2	8,7	8,5	9,0
766,5	8,7	8,5	9,0
766,8	8,7	8,5	9,1
767,2	8,6	8,5	9,0
767,5	8,6	8,5	8,9
767,8	8,7	8,6	8,8
768,1	8,6	8,6	8,8
768,5	8,7	8,6	8,8
768,8	8,7	8,6	8,9
769,1	8,7	8,6	9,0
769,4	8,6	8,6	9,1
769,8	8,6	8,6	9,1
770,1	8,7	8,5	9,0
770,4	8,7	8,6	9,0
770,7	8,7	8,6	8,9
771,1	8,7	8,6	8,8
771,4	8,7	8,5	8,8
771,7	8,6	8,5	8,8
772,0	8,7	8,5	8,8
772,3	8,7	8,5	8,8
772,7	8,7	8,6	8,8
773,0	8,7	8,5	8,8
773,3	8,7	8,5	8,7
773,6	8,7	8,5	8,7
774,0	8,7	8,6	8,7
774,3	8,7	8,5	8,7
774,6	8,7	8,6	8,7
774,9	8,7	8,5	8,6
775,3	8,6	8,5	8,5
775,6	8,7	8,6	8,5
775,9	8,7	8,6	8,7
776,2	8,7	8,6	8,7
776,6	8,6	8,6	8,6
776,9	8,6	8,6	8,5
777,2	8,6	8,6	8,4
777,5	8,6	8,6	8,4
777,8	8,7	8,6	8,5
778,2	8,7	8,6	8,6
778,5	8,7	8,6	8,6
778,8	8,7	8,5	8,6
779,1	8,7	8,5	8,6
779,5	8,7	8,6	8,8
779,8	8,7	8,6	8,9
780,1	8,7	8,6	8,7
780,4	8,7	8,6	8,7
780,7	8,7	8,6	8,8
781,1	8,7	8,6	8,8
781,4	8,7	8,6	8,8
781,7	8,8	8,6	8,8
782,0	8,7	8,6	8,8
782,4	8,7	8,6	8,7
782,7	8,7	8,7	8,6
783,0	8,8	8,6	8,6
783,3	8,9	8,6	8,6
783,6	8,7	8,5	8,5
784,0	8,6	8,6	8,5
784,3	8,7	8,6	8,6
784,6	8,7	8,6	8,6
784,9	8,6	8,6	8,6
785,3	8,6	8,6	8,6
785,6	8,6	8,5	8,6
785,9	8,6	8,5	8,6
786,2	8,6	8,5	8,6
786,5	8,7	8,6	8,5
786,9	8,7	8,6	8,5
787,2	8,7	8,6	8,6
787,5	8,7	8,6	8,6
787,8	8,7	8,5	8,6
788,1	8,7	8,4	8,5
788,5	8,7	8,5	8,5
788,8	8,8	8,6	8,6
789,1	8,8	8,6	8,6
789,4	8,6	8,6	8,5
789,7	8,6	8,6	8,5
790,1	8,7	8,6	8,6
790,4	8,7	8,6	8,6
790,7	8,7	8,6	8,7
791,0	8,7	8,6	8,7
791,4	8,7	8,6	8,7
791,7	8,6	8,6	8,6
792,0	8,6	8,6	8,6
792,3	8,6	8,5	8,6
792,6	8,7	8,5	8,6
793,0	8,7	8,5	8,6
793,3	8,6	8,5	8,7
793,6	8,6	8,6	8,7
793,9	8,6	8,5	8,7
794,2	8,6	8,5	8,7
794,6	8,7	8,5	8,7
794,9	8,7	8,5	8,6
795,2	8,6	8,6	8,6
795,5	8,6	8,5	8,6
795,8	8,6	8,5	8,6
796,2	8,6	8,5	8,7
796,5	8,6	8,6	8,6
796,8	8,7	8,6	8,6
797,1	8,7	8,6	8,6
797,4	8,7	8,5	8,7
797,8	8,7	8,5	8,7
798,1	8,6	8,5	8,8
798,4	8,7	8,5	8,7
798,7	8,7	8,5	8,7
799,0	8,7	8,5	8,7
799,4	8,6	8,5	8,8
799,7	8,6	8,6	8,8
800,0	8,6	8,6	8,8
800,3	8,7	8,5	8,7
800,6	8,7	8,5	8,6
801,0	8,7	8,6	8,6
801,3	8,7	8,6	8,6
801,6	8,7	8,6	8,5
801,9	8,8	8,6	8,6
802,2	8,7	8,6	8,6
802,5	8,6	8,5	8,6
802,9	8,6	8,6	8,7
803,2	8,6	8,6	8,7
803,5	8,6	8,6	8,6
803,8	8,6	8,5	8,6
804,1	8,7	8,5	8,6
804,5	8,7	8,5	8,6
804,8	8,7	8,5	8,6
805,1	8,6	8,5	8,6
805,4	8,7	8,5	8,6
805,7	8,6	8,5	8,5
806,1	8,7	8,5	8,5
806,4	8,7	8,5	8,6
806,7	8,7	8,5	8,6
807,0	8,6	8,6	8,6
807,3	8,6	8,6	8,6
807,6	8,6	8,6	8,5
808,0	8,6	8,6	8,5
808,3	8,7	8,6	8,5
808,6	8,7	8,6	8,5
808,9	8,7	8,6	8,5
809,2	8,7	8,6	8,6
809,5	8,7	8,6	8,6
809,9	8,6	8,6	8,6
810,2	8,7	8,5	8,6
810,5	8,8	8,5	8,6
810,8	8,7	8,5	8,5
811,1	8,6	8,6	8,6
811,5	8,6	8,6	8,6
811,8	8,7	8,6	8,6
812,1	8,7	8,5	8,5
812,4	8,7	8,4	8,6
812,7	8,6	8,5	8,6
813,0	8,6	8,6	8,6
813,4	8,7	8,6	8,6
813,7	8,7	8,6	8,6
814,0	8,7	8,6	8,5
814,3	8,8	8,5	8,5
814,6	8,8	8,5	8,5
814,9	8,7	8,5	8,5
815,3	8,7	8,5	8,5
815,6	8,7	8,5	8,4
815,9	8,7	8,5	8,4
816,2	8,7	8,5	8,4
816,5	8,6	8,5	8,4
816,8	8,6	8,5	8,5
817,2	8,7	8,6	8,7
817,5	8,7	8,6	8,6
817,8	8,6	8,5	8,5
818,1	8,6	8,5	8,4
818,4	8,7	8,5	8,5
818,7	8,7	8,5	8,5
819,1	8,7	8,5	8,4
819,4	8,6	8,5	8,5
819,7	8,6	8,5	8,5
820,0	8,6	8,5	8,5
820,3	8,6	8,5	8,5
820,6	8,7	8,6	8,5
821,0	8,7	8,5	8,5
821,3	8,7	8,6	8,5
821,6	8,6	8,6	8,5
821,9	8,7	8,6	8,5
822,2	8,6	8,6	8,5
822,5	8,6	8,6	8,5
822,9	8,6	8,6	8,5
823,2	8,6	8,5	8,5
823,5	8,6	8,5	8,5
823,8	8,6	8,5	8,5
824,1	8,6	8,5	8,5
824,4	8,6	8,5	8,6
824,7	8,6	8,6	8,6
825,1	8,6	8,6	8,4
825,4	8,6	8,5	8,4
825,7	8,7	8,5	8,5
826,0	8,7	8,6	8,6
826,3	8,6	8,6	8,6
826,6	8,6	8,6	8,5
827,0	8,6	8,6	8,5
827,3	8,6	8,6	8,5
827,6	8,7	8,6	8,6
827,9	8,7	8,5	8,6
828,2	8,7	8,5	8,6
828,5	8,7	8,5	8,5
828,8	8,7	8,6	8,5
829,2	8,7	8,6	8,5
829,5	8,7	8,5	8,5
829,8	8,7	8,5	8,5
830,1	8,8	8,6	8,4
830,4	8,8	8,6	8,4
830,7	8,7	8,6	8,5
831,0	8,7	8,5	8,5
831,4	8,7	8,5	8,5
831,7	8,7	8,5	8,5
832,0	8,7	8,5	8,5
832,3	8,7	8,6	8,4
832,6	8,6	8,6	8,4
832,9	8,6	8,5	8,5
833,2	8,7	8,5	8,5
833,6	8,7	8,6	8,5
833,9	8,7	8,5	8,5
834,2	8,7	8,5	8,5
834,5	8,7	8,5	8,5
834,8	8,7	8,5	8,5
835,1	8,8	8,5	8,6
835,4	8,8	8,5	8,6
835,8	8,7	8,4	8,6
836,1	8,6	8,5	8,6
836,4	8,6	8,5	8,6
836,7	8,7	8,5	8,5
837,0	8,7	8,4	8,5
837,3	8,7	8,5	8,6
837,6	8,7	8,6	8,6
837,9	8,7	8,6	8,5
838,3	8,7	8,6	8,5
838,6	8,7	8,6	8,6
838,9	8,7	8,6	8,4
839,2	8,7	8,6	8,3
839,5	8,6	8,5	8,5
839,8	8,6	8,5	8,6
840,1	8,7	8,6	8,5
840,5	8,7	8,6	8,5
840,8	8,8	8,5	8,6
841,1	8,7	8,5	8,5
841,4	8,6	8,5	8,5
841,7	8,7	8,5	8,4
842,0	8,7	8,5	8,4
842,3	8,6	8,5	8,4
842,6	8,6	8,5	8,5
843,0	8,6	8,5	8,5
843,3	8,7	8,5	8,4
843,6	8,7	8,5	8,4
843,9	8,7	8,6	8,4
844,2	8,6	8,6	8,4
844,5	8,6	8,5	8,4
844,8	8,7	8,5	8,5
845,1	8,7	8,5	8,4
845,5	8,7	8,6	8,4
845,8	8,8	8,6	8,4
846,1	8,7	8,5	8,5
846,4	8,7	8,5	8,5
846,7	8,6	8,5	8,4
847,0	8,7	8,5	8,3
847,3	8,8	8,5	8,4
847,6	8,7	8,5	8,4
847,9	8,6	8,5	8,4
848,3	8,7	8,6	8,4
848,6	8,7	8,6	8,4
848,9	8,7	8,6	8,5
849,2	8,7	8,6	8,5
849,5	8,6	8,5	8,4
849,8	8,6	8,5	8,4
850,1	8,7	8,5	8,4
850,4	8,6	8,5	8,4
850,7	8,7	8,5	8,4
851,1	8,7	8,4	8,4
851,4	8,7	8,4	8,4
851,7	8,7	8,5	8,5
852,0	8,7	8,5	8,5
852,3	8,6	8,6	8,5
852,6	8,6	8,5	8,5
852,9	8,7	8,5	8,5
853,2	8,7	8,5	8,5
853,5	8,7	8,6	8,5
853,9	8,7	8,5	8,4
854,2	8,7	8,5	8,5
854,5	8,7	8,6	8,6
854,8	8,6	8,6	8,6
855,1	8,6	8,7	8,5
855,4	8,7	8,6	8,6
855,7	8,7	8,5	8,6
856,0	8,7	8,5	8,6
856,3	8,6	8,5	8,5
856,7	8,6	8,5	8,5
857,0	8,6	8,5	8,5
857,3	8,7	8,5	8,5
857,6	8,7	8,4	8,5
857,9	8,6	8,4	8,5
858,2	8,7	8,5	8,4
858,5	8,7	8,5	8,4
858,8	8,7	8,5	8,5
859,1	8,7	8,5	8,5
859,4	8,7	8,5	8,4
859,8	8,7	8,6	8,4
860,1	8,7	8,5	8,4
860,4	8,7	8,5	8,4
860,7	8,7	8,5	8,4
861,0	8,7	8,5	8,5
861,3	8,8	8,5	8,5
861,6	8,7	8,5	8,4
861,9	8,7	8,5	8,4
862,2	8,6	8,5	8,5
862,5	8,6	8,5	8,4
862,8	8,7	8,4	8,3
863,2	8,7	8,4	8,4
863,5	8,7	8,5	8,4
863,8	8,8	8,5	8,4
864,1	8,7	8,5	8,4
864,4	8,7	8,5	8,4
864,7	8,7	8,5	8,3
865,0	8,7	8,5	8,3
865,3	8,7	8,5	8,4
865,6	8,7	8,5	8,4
865,9	8,7	8,6	8,4
866,2	8,6	8,6	8,5
866,6	8,6	8,5	8,5
866,9	8,6	8,6	8,5
867,2	8,6	8,5	8,6
867,5	8,6	8,5	8,5
867,8	8,7	8,6	8,5
868,1	8,7	8,6	8,5
868,4	8,7	8,5	8,5
868,7	8,7	8,5	8,4
869,0	8,7	8,5	8,4
869,3	8,7	8,6	8,4
869,6	8,7	8,5	8,4
869,9	8,6	8,5	8,4
870,2	8,6	8,5	8,4
870,6	8,6	8,5	8,4
870,9	8,7	8,5	8,4
871,2	8,7	8,5	8,4
871,5	8,6	8,5	8,4
871,8	8,6	8,5	8,4
872,1	8,7	8,5	8,4
872,4	8,7	8,5	8,4
872,7	8,7	8,5	8,4
873,0	8,7	8,4	8,4
873,3	8,7	8,4	8,5
873,6	8,7	8,6	8,5
873,9	8,6	8,6	8,4
874,2	8,6	8,5	8,5
874,6	8,5	8,5	8,5
874,9	8,6	8,5	8,5
875,2	8,7	8,5	8,5
875,5	8,8	8,5	8,5
875,8	8,8	8,5	8,5
876,1	8,7	8,6	8,5
876,4	8,6	8,6	8,5
876,7	8,7	8,6	8,5
877,0	8,7	8,5	8,5
877,3	8,7	8,5	8,5
877,6	8,8	8,5	8,5
877,9	8,7	8,6	8,5
878,2	8,7	8,6	8,4
878,5	8,6	8,6	8,4
878,9	8,7	8,6	8,6
879,2	8,7	8,6	8,6
879,5	8,7	8,6	8,6
879,8	8,7	8,6	8,7
880,1	8,7	8,6	8,7
880,4	8,6	8,6	8,6
880,7	8,6	8,6	8,5
881,0	8,8	8,6	8,5
881,3	8,8	8,6	8,6
881,6	8,8	8,6	8,6
881,9	8,7	8,6	8,5
882,2	8,7	8,5	8,5
882,5	8,7	8,5	8,5
882,8	8,7	8,5	8,5
883,1	8,7	8,5	8,5
883,4	8,7	8,5	8,5
883,7	8,7	8,5	8,5
884,1	8,8	8,5	8,5
884,4	8,8	8,5	8,5
884,7	8,7	8,5	8,5
885,0	8,7	8,5	8,4
885,3	8,7	8,5	8,4
885,6	8,7	8,5	8,4
885,9	8,7	8,4	8,4
886,2	8,6	8,5	8,5
886,5	8,6	8,5	8,5
886,8	8,6	8,5	8,5
887,1	8,7	8,5	8,5
887,4	8,7	8,5	8,5
887,7	8,6	8,5	8,5
888,0	8,7	8,5	8,5
888,3	8,7	8,5	8,5
888,6	8,7	8,6	8,6
888,9	8,7	8,6	8,6
889,2	8,7	8,5	8,6
889,5	8,7	8,5	8,5
889,9	8,7	8,5	8,7
890,2	8,6	8,6	8,7
890,5	8,6	8,6	8,7
890,8	8,6	8,6	8,6
891,1	8,6	8,6	8,6
891,4	8,6	8,6	8,6
891,7	8,7	8,6	8,5
892,0	8,7	8,5	8,5
892,3	8,7	8,5	8,5
892,6	8,7	8,5	8,5
892,9	8,7	8,5	8,5
893,2	8,6	8,5	8,6
893,5	8,6	8,5	8,5
893,8	8,6	8,5	8,4
894,1	8,7	8,5	8,4
894,4	8,8	8,5	8,4
894,7	8,7	8,5	8,4
895,0	8,7	8,6	8,4
895,3	8,6	8,6	8,4
895,6	8,7	8,5	8,5
895,9	8,7	8,5	8,4
896,2	8,7	8,5	8,4
896,5	8,7	8,6	8,4
896,8	8,7	8,5	8,4
897,1	8,7	8,5	8,4
897,4	8,7	8,5	8,4
897,8	8,7	8,5	8,5
898,1	8,7	8,5	8,5
898,4	8,6	8,5	8,5
898,7	8,6	8,5	8,5
899,0	8,7	8,5	8,4
899,3	8,7	8,5	8,4
899,6	8,7	8,5	8,4
899,9	8,7	8,5	8,4
900,2	8,7	8,5	8,5
900,5	8,7	8,5	8,5
900,8	8,7	8,5	8,5
901,1	8,6	8,5	8,4
901,4	8,6	8,5	8,4
901,7	8,7	8,6	8,4
902,0	8,7	8,6	8,4
902,3	8,7	8,5	8,4
902,6	8,7	8,5	8,4
902,9	8,7	8,5	8,4
903,2	8,7	8,5	8,4
903,5	8,6	8,5	8,4
903,8	8,6	8,5	8,5
904,1	8,7	8,5	8,4
904,4	8,7	8,5	8,4
904,7	8,6	8,6	8,4
905,0	8,6	8,5	8,5
905,3	8,7	8,5	8,5
905,6	8,7	8,6	8,5
905,9	8,6	8,6	8,4
906,2	8,7	8,5	8,5
906,5	8,7	8,5	8,4
906,8	8,8	8,6	8,4
907,1	8,7	8,5	8,4
907,4	8,7	8,5	8,5
907,7	8,6	8,5	8,5
908,0	8,6	8,5	8,5
908,3	8,7	8,5	8,5
908,6	8,7	8,5	8,5
908,9	8,7	8,4	8,5
909,2	8,6	8,4	8,5
909,5	8,6	8,4	8,4
909,8	8,7	8,4	8,5
910,1	8,7	8,5	8,4
910,4	8,7	8,5	8,4
910,7	8,7	8,5	8,4
911,0	8,7	8,5	8,5
911,3	8,6	8,5	8,5
911,6	8,7	8,5	8,4
911,9	8,7	8,4	8,4
912,2	8,7	8,5	8,4
912,5	8,6	8,5	8,4
912,8	8,7	8,5	8,4
913,1	8,7	8,5	8,4
913,4	8,7	8,6	8,4
913,7	8,6	8,6	8,4
914,1	8,6	8,5	8,4
914,4	8,7	8,5	8,4
914,7	8,7	8,5	8,4
915,0	8,7	8,5	8,3
915,3	8,6	8,6	8,3
915,6	8,6	8,5	8,3
915,9	8,6	8,5	8,4
916,2	8,7	8,5	8,4
916,5	8,7	8,5	8,4
916,8	8,7	8,5	8,5
917,1	8,6	8,6	8,5
917,4	8,7	8,6	8,4
917,7	8,8	8,5	8,5
918,0	8,8	8,6	8,5
918,3	8,7	8,6	8,5
918,6	8,7	8,6	8,5
918,8	8,7	8,5	8,5
919,1	8,8	8,5	8,5
919,4	8,8	8,5	8,5
919,7	8,7	8,5	8,5
920,0	8,7	8,5	8,5
920,3	8,7	8,5	8,5
920,6	8,7	8,5	8,4
920,9	8,8	8,5	8,3
921,2	8,8	8,5	8,3
921,5	8,7	8,5	8,4
921,8	8,7	8,5	8,4
922,1	8,7	8,5	8,4
922,4	8,7	8,5	8,4
922,7	8,7	8,5	8,4
923,0	8,7	8,5	8,4
923,3	8,7	8,4	8,4
923,6	8,7	8,4	8,3
923,9	8,7	8,5	8,3
924,2	8,8	8,5	8,3
924,5	8,7	8,5	8,4
924,8	8,6	8,5	8,4
925,1	8,6	8,5	8,5
925,4	8,7	8,5	8,4
925,7	8,6	8,5	8,4
926,0	8,6	8,5	8,4
926,3	8,7	8,5	8,5
926,6	8,7	8,5	8,5
926,9	8,7	8,5	8,5
927,2	8,7	8,5	8,4
927,5	8,6	8,5	8,5
927,8	8,6	8,5	8,4
928,1	8,6	8,4	8,4
928,4	8,7	8,4	8,4
928,7	8,7	8,5	8,4
929,0	8,7	8,5	8,4
929,3	8,7	8,5	8,4
929,6	8,7	8,5	8,4
929,9	8,6	8,5	8,4
930,2	8,6	8,5	8,3
930,5	8,7	8,6	8,2
930,8	8,7	8,6	8,2
931,1	8,7	8,6	8,3
931,4	8,7	8,6	8,4
931,7	8,7	8,6	8,4
932,0	8,7	8,6	8,4
932,3	8,7	8,6	8,4
932,6	8,7	8,4	8,4
932,9	8,8	8,4	8,4
933,2	8,8	8,6	8,4
933,5	8,7	8,6	8,4
933,8	8,7	8,6	8,3
934,1	8,7	8,6	8,3
934,4	8,8	8,6	8,3
934,7	8,7	8,6	8,4
934,9	8,7	8,5	8,4
935,2	8,7	8,5	8,4
935,5	8,7	8,6	8,3
935,8	8,6	8,5	8,4
936,1	8,7	8,5	8,4
936,4	8,8	8,4	8,4
936,7	8,7	8,4	8,4
937,0	8,7	8,5	8,4
937,3	8,7	8,5	8,4
937,6	8,7	8,4	8,4
937,9	8,7	8,5	8,4
938,2	8,8	8,5	8,4
938,5	8,7	8,5	8,4
938,8	8,6	8,5	8,5
939,1	8,6	8,5	8,4
939,4	8,7	8,5	8,3
939,7	8,7	8,5	8,3
940,0	8,7	8,6	8,3
940,3	8,7	8,6	8,4
940,6	8,7	8,6	8,5
940,9	8,7	8,5	8,4
941,2	8,7	8,5	8,5
941,5	8,7	8,5	8,5
941,8	8,7	8,6	8,4
942,1	8,6	8,6	8,4
942,3	8,7	8,6	8,4
942,6	8,6	8,6	8,4
942,9	8,6	8,6	8,4
943,2	8,7	8,5	8,4
943,5	8,7	8,5	8,3
943,8	8,7	8,5	8,3
944,1	8,6	8,5	8,4
944,4	8,7	8,5	8,4
944,7	8,7	8,6	8,4
945,0	8,7	8,6	8,4
945,3	8,7	8,5	8,4
945,6	8,6	8,6	8,3
945,9	8,6	8,6	8,3
946,2	8,6	8,6	8,3
946,5	8,6	8,6	8,4
946,8	8,6	8,6	8,4
947,1	8,6	8,7	8,4
947,4	8,6	8,6	8,4
947,7	8,7	8,6	8,4
948,0	8,7	8,6	8,4
948,2	8,7	8,6	8,4
948,5	8,7	8,6	8,4
948,8	8,7	8,6	8,4
949,1	8,7	8,5	8,4
949,4	8,7	8,5	8,4
949,7	8,7	8,5	8,3
950,0	8,6	8,5	8,3
950,3	8,6	8,5	8,3
950,6	8,6	8,6	8,4
950,9	8,6	8,6	8,4
951,2	8,7	8,6	8,4
951,5	8,7	8,5	8,4
951,8	8,6	8,5	8,5
952,1	8,6	8,4	8,4
952,4	8,7	8,5	8,4
952,7	8,7	8,5	8,5
952,9	8,7	8,5	8,4
953,2	8,7	8,5	8,4
953,5	8,7	8,5	8,4
953,8	8,7	8,5	8,3
954,1	8,7	8,4	8,3
954,4	8,7	8,4	8,3
954,7	8,7	8,5	8,3
955,0	8,6	8,5	8,4
955,3	8,6	8,5	8,5
955,6	8,6	8,6	8,6
955,9	8,6	8,6	8,5
956,2	8,6	8,6	8,4
956,5	8,6	8,6	8,4
956,8	8,6	8,6	8,4
957,0	8,6	8,5	8,4
957,3	8,6	8,5	8,4
957,6	8,6	8,6	8,4
957,9	8,7	8,6	8,3
958,2	8,6	8,6	8,3
958,5	8,6	8,5	8,3
958,8	8,7	8,5	8,4
959,1	8,7	8,5	8,4
959,4	8,7	8,5	8,4
959,7	8,6	8,5	8,4
960,0	8,6	8,5	8,4
960,3	8,6	8,5	8,3
960,6	8,6	8,5	8,3
960,8	8,7	8,5	8,3
961,1	8,7	8,5	8,4
961,4	8,7	8,5	8,4
961,7	8,6	8,4	8,4
962,0	8,6	8,4	8,5
962,3	8,7	8,4	8,4
962,6	8,7	8,4	8,4
962,9	8,7	8,5	8,4
963,2	8,6	8,6	8,4
963,5	8,7	8,6	8,3
963,8	8,7	8,6	8,3
964,1	8,7	8,6	8,4
964,3	8,7	8,5	8,5
964,6	8,6	8,6	8,4
964,9	8,6	8,7	8,4
965,2	8,7	8,6	8,4
965,5	8,7	8,6	8,4
965,8	8,8	8,6	8,4
966,1	8,7	8,6	8,4
966,4	8,6	8,5	8,4
966,7	8,6	8,6	8,5
967,0	8,7	8,6	8,4
967,3	8,7	8,6	8,4
967,5	8,7	8,6	8,4
967,8	8,6	8,6	8,4
968,1	8,6	8,5	8,4
968,4	8,6	8,6	8,4
968,7	8,6	8,6	8,4
969,0	8,7	8,5	8,4
969,3	8,8	8,5	8,4
969,6	8,7	8,6	8,4
969,9	8,6	8,6	8,4
970,2	8,6	8,6	8,3
970,5	8,6	8,6	8,3
970,7	8,6	8,6	8,3
971,0	8,7	8,6	8,4
971,3	8,7	8,5	8,3
971,6	8,7	8,5	8,3
971,9	8,7	8,6	8,3
972,2	8,7	8,5	8,3
972,5	8,7	8,5	8,4
972,8	8,7	8,6	8,4
973,1	8,7	8,5	8,5
973,4	8,7	8,5	8,4
973,6	8,7	8,5	8,4
973,9	8,7	8,6	8,3
974,2	8,8	8,6	8,4
974,5	8,7	8,5	8,4
974,8	8,7	8,5	8,4
975,1	8,7	8,5	8,4
975,4	8,7	8,6	8,4
975,7	8,8	8,7	8,4
976,0	8,7	8,7	8,4
976,2	8,7	8,6	8,4
976,5	8,7	8,5	8,4
976,8	8,7	8,5	8,4
977,1	8,7	8,4	8,4
977,4	8,7	8,5	8,4
977,7	8,7	8,4	8,5
978,0	8,6	8,5	8,5
978,3	8,6	8,5	8,5
978,6	8,6	8,6	8,4
978,8	8,6	8,5	8,4
979,1	8,6	8,5	8,4
979,4	8,6	8,6	8,4
979,7	8,6	8,6	8,3
980,0	8,6	8,6	8,4
980,3	8,7	8,6	8,4
980,6	8,6	8,6	8,4
980,9	8,6	8,5	8,4
981,2	8,6	8,5	8,4
981,4	8,6	8,5	8,4
981,7	8,7	8,6	8,5
982,0	8,7	8,6	8,5
982,3	8,7	8,6	8,5
982,6	8,7	8,5	8,4
982,9	8,7	8,5	8,3
983,2	8,6	8,5	8,3
983,5	8,6	8,6	8,4
983,7	8,6	8,6	8,4
984,0	8,6	8,6	8,4
984,3	8,6	8,5	8,4
984,6	8,6	8,5	8,4
984,9	8,7	8,5	8,4
985,2	8,7	8,5	8,4
985,5	8,7	8,5	8,4
985,8	8,7	8,5	8,4
986,0	8,8	8,5	8,4
986,3	8,7	8,6	8,4
986,6	8,6	8,6	8,3
986,9	8,6	8,6	8,3
987,2	8,7	8,5	8,4
987,5	8,7	8,5	8,4
987,8	8,7	8,5	8,4
988,1	8,7	8,5	8,4
988,3	8,6	8,5	8,4
988,6	8,7	8,4	8,4
988,9	8,7	8,5	8,5
989,2	8,7	8,5	8,5
989,5	8,7	8,6	8,5
989,8	8,7	8,5	8,4
990,1	8,7	8,5	8,4
990,3	8,7	8,5	8,4
990,6	8,7	8,5	8,4
990,9	8,7	8,6	8,4
991,2	8,7	8,5	8,4
991,5	8,7	8,5	8,4
991,8	8,7	8,5	8,4
992,1	8,6	8,5	8,3
992,3	8,6	8,5	8,3
992,6	8,6	8,5	8,3
992,9	8,7	8,5	8,4
993,2	8,7	8,5	8,3
993,5	8,7	8,6	8,3
993,8	8,7	8,6	8,4
994,1	8,7	8,6	8,4
994,4	8,6	8,5	8,4
994,6	8,6	8,5	8,4
994,9	8,6	8,6	8,4
995,2	8,7	8,6	8,4
995,5	8,7	8,5	8,3
995,8	8,7	8,4	8,3
996,1	8,7	8,5	8,3
996,3	8,7	8,5	8,3
996,6	8,7	8,6	8,3
996,9	8,8	8,6	8,4
997,2	8,8	8,6	8,4
997,5	8,7	8,5	8,4
997,8	8,6	8,5	8,4
998,1	8,6	8,5	8,4
998,3	8,6	8,5	8,4
998,6	8,6	8,5	8,4
998,9	8,6	8,4	8,4
999,2	8,6	8,4	8,4
999,5	8,7	8,4	8,4
999,8	8,7	8,5	8,4
1000,1	8,6	8,5	8,4
1000,3	8,5	8,5	8,4
1000,6	8,6	8,5	8,3
1000,9	8,7	8,6	8,4
1001,2	8,7	8,5	8,4
1001,5	8,7	8,6	8,4
1001,8	8,7	8,6	8,5
1002,0	8,6	8,6	8,4
1002,3	8,6	8,5	8,4
1002,6	8,7	8,5	8,4
1002,9	8,7	8,5	8,3
1003,2	8,7	8,5	8,4
1003,5	8,7	8,5	8,4
1003,7	8,7	8,6	8,4
1004,0	8,7	8,6	8,4
1004,3	8,6	8,5	8,4
1004,6	8,6	8,5	8,4
1004,9	8,7	8,5	8,4
1005,2	8,7	8,5	8,4
1005,4	8,7	8,5	8,4
1005,7	8,7	8,6	8,4
1006,0	8,7	8,6	8,4
1006,3	8,7	8,5	8,4
1006,6	8,6	8,4	8,4
1006,9	8,7	8,5	8,4
1007,1	8,7	8,5	8,4
1007,4	8,7	8,5	8,4
1007,7	8,6	8,5	8,4
1008,0	8,7	8,6	8,4
1008,3	8,7	8,6	8,3
1008,6	8,7	8,6	8,3
1008,8	8,7	8,5	8,3
1009,1	8,7	8,6	8,4
1009,4	8,8	8,6	8,4
1009,7	8,8	8,5	8,3
1010,0	8,8	8,4	8,3
1010,3	8,8	8,5	8,3
1010,5	8,7	8,6	8,3
1010,8	8,7	8,6	8,4
1011,1	8,7	8,5	8,4
1011,4	8,6	8,5	8,4
1011,7	8,6	8,5	8,4
1012,0	8,6	8,4	8,4
1012,2	8,6	8,5	8,4
1012,5	8,7	8,5	8,4
1012,8	8,8	8,5	8,4
1013,1	8,7	8,4	8,4
1013,4	8,6	8,4	8,4
1013,6	8,6	8,5	8,4
1013,9	8,6	8,6	8,4
1014,2	8,7	8,6	8,4
1014,5	8,7	8,6	8,4
1014,8	8,8	8,5	8,3
1015,1	8,7	8,5	8,3
1015,3	8,6	8,5	8,3
1015,6	8,7	8,5	8,3
1015,9	8,7	8,6	8,3
1016,2	8,6	8,6	8,4
1016,5	8,6	8,5	8,4
1016,7	8,6	8,5	8,4
1017,0	8,6	8,5	8,4
1017,3	8,6	8,5	8,4
1017,6	8,7	8,5	8,4
1017,9	8,7	8,5	8,4
1018,1	8,8	8,6	8,3
1018,4	8,7	8,7	8,3
1018,7	8,6	8,6	8,3
1019,0	8,7	8,6	8,3
1019,3	8,7	8,6	8,3
1019,6	8,5	8,5	8,5
