&l / nm	I_1 / %
339,5	0,0
339,9	5,9
340,3	7,8
340,7	7,8
341,0	7,9
341,4	7,9
341,8	7,9
342,2	7,9
342,6	7,9
342,9	7,9
343,3	7,9
343,7	8,0
344,1	8,0
344,4	8,1
344,8	8,1
345,2	8,1
345,6	8,1
346,0	8,0
346,3	8,0
346,7	8,0
347,1	8,0
347,5	8,1
347,8	8,0
348,2	7,9
348,6	8,1
349,0	8,3
349,4	8,3
349,7	8,2
350,1	8,2
350,5	8,1
350,9	8,2
351,2	8,3
351,6	8,4
352,0	8,6
352,4	8,7
352,7	8,8
353,1	8,9
353,5	8,9
353,9	8,6
354,3	8,3
354,6	8,2
355,0	8,1
355,4	8,1
355,8	8,1
356,1	8,1
356,5	8,0
356,9	8,0
357,3	8,0
357,6	8,1
358,0	8,1
358,4	8,1
358,8	8,2
359,1	8,3
359,5	8,4
359,9	8,5
360,3	8,6
360,7	8,7
361,0	8,6
361,4	8,5
361,8	8,3
362,2	8,2
362,5	8,2
362,9	8,2
363,3	8,2
363,7	8,1
364,0	8,1
364,4	8,2
364,8	8,2
365,2	8,2
365,5	8,1
365,9	8,1
366,3	8,1
366,7	8,1
367,0	8,1
367,4	8,1
367,8	8,1
368,2	8,1
368,5	8,1
368,9	8,1
369,3	8,1
369,7	8,2
370,0	8,2
370,4	8,2
370,8	8,2
371,2	8,2
371,5	8,2
371,9	8,1
372,3	8,1
372,7	8,1
373,0	8,1
373,4	8,0
373,8	8,0
374,2	8,0
374,5	8,1
374,9	8,1
375,3	8,2
375,7	8,1
376,0	8,1
376,4	8,1
376,8	8,1
377,2	8,1
377,5	8,1
377,9	8,1
378,3	8,1
378,7	8,1
379,0	8,1
379,4	8,1
379,8	8,2
380,1	8,1
380,5	8,1
380,9	8,2
381,3	8,1
381,6	8,1
382,0	8,1
382,4	8,1
382,8	8,1
383,1	8,1
383,5	8,1
383,9	8,0
384,3	8,0
384,6	8,1
385,0	8,2
385,4	8,2
385,8	8,2
386,1	8,1
386,5	8,1
386,9	8,2
387,2	8,1
387,6	8,2
388,0	8,2
388,4	8,2
388,7	8,2
389,1	8,2
389,5	8,3
389,9	8,4
390,2	8,5
390,6	8,3
391,0	8,1
391,3	8,2
391,7	8,3
392,1	8,3
392,5	8,3
392,8	8,2
393,2	8,2
393,6	8,2
394,0	8,1
394,3	8,1
394,7	8,2
395,1	8,2
395,4	8,2
395,8	8,2
396,2	8,1
396,6	8,2
396,9	8,3
397,3	8,1
397,7	8,1
398,0	8,2
398,4	8,2
398,8	8,1
399,2	8,1
399,5	8,1
399,9	8,1
400,3	8,1
400,7	8,1
401,0	8,1
401,4	8,1
401,8	8,2
402,1	8,2
402,5	8,1
402,9	8,1
403,3	8,2
403,6	8,2
404,0	8,2
404,4	8,2
404,7	8,2
405,1	8,1
405,5	8,1
405,9	8,2
406,2	8,1
406,6	8,1
407,0	8,1
407,3	8,2
407,7	8,2
408,1	8,2
408,4	8,2
408,8	8,2
409,2	8,3
409,6	8,2
409,9	8,1
410,3	8,1
410,7	8,2
411,0	8,2
411,4	8,2
411,8	8,2
412,2	8,2
412,5	8,2
412,9	8,2
413,3	8,2
413,6	8,2
414,0	8,2
414,4	8,2
414,7	8,3
415,1	8,3
415,5	8,2
415,9	8,2
416,2	8,2
416,6	8,2
417,0	8,2
417,3	8,2
417,7	8,2
418,1	8,2
418,4	8,2
418,8	8,2
419,2	8,2
419,6	8,2
419,9	8,2
420,3	8,2
420,7	8,2
421,0	8,1
421,4	8,1
421,8	8,2
422,1	8,2
422,5	8,2
422,9	8,2
423,2	8,3
423,6	8,3
424,0	8,2
424,4	8,2
424,7	8,2
425,1	8,2
425,5	8,3
425,8	8,3
426,2	8,3
426,6	8,2
426,9	8,2
427,3	8,2
427,7	8,2
428,0	8,3
428,4	8,3
428,8	8,2
429,1	8,2
429,5	8,2
429,9	8,3
430,3	8,2
430,6	8,2
431,0	8,1
431,4	8,2
431,7	8,2
432,1	8,3
432,5	8,3
432,8	8,2
433,2	8,2
433,6	8,2
433,9	8,2
434,3	8,3
434,7	8,4
435,0	8,4
435,4	8,4
435,8	8,3
436,1	8,3
436,5	8,3
436,9	8,2
437,2	8,2
437,6	8,2
438,0	8,2
438,3	8,1
438,7	8,1
439,1	8,2
439,5	8,2
439,8	8,3
440,2	8,3
440,6	8,3
440,9	8,2
441,3	8,2
441,7	8,2
442,0	8,2
442,4	8,2
442,8	8,2
443,1	8,2
443,5	8,3
443,9	8,3
444,2	8,3
444,6	8,2
445,0	8,2
445,3	8,2
445,7	8,2
446,1	8,2
446,4	8,2
446,8	8,2
447,2	8,2
447,5	8,2
447,9	8,2
448,3	8,2
448,6	8,2
449,0	8,2
449,4	8,2
449,7	8,3
450,1	8,3
450,5	8,2
450,8	8,2
451,2	8,2
451,5	8,2
451,9	8,2
452,3	8,1
452,6	8,1
453,0	8,2
453,4	8,2
453,7	8,2
454,1	8,3
454,5	8,4
454,8	8,3
455,2	8,2
455,6	8,2
455,9	8,2
456,3	8,2
456,7	8,2
457,0	8,1
457,4	8,1
457,8	8,2
458,1	8,2
458,5	8,3
458,9	8,3
459,2	8,2
459,6	8,3
460,0	8,3
460,3	8,2
460,7	8,2
461,0	8,2
461,4	8,2
461,8	8,2
462,1	8,2
462,5	8,2
462,9	8,3
463,2	8,2
463,6	8,2
464,0	8,2
464,3	8,2
464,7	8,2
465,1	8,2
465,4	8,3
465,8	8,2
466,2	8,2
466,5	8,2
466,9	8,2
467,2	8,2
467,6	8,3
468,0	8,3
468,3	8,3
468,7	8,2
469,1	8,2
469,4	8,3
469,8	8,4
470,2	8,3
470,5	8,3
470,9	8,5
471,2	8,7
471,6	8,7
472,0	8,7
472,3	8,6
472,7	8,6
473,1	8,5
473,4	8,4
473,8	8,3
474,2	8,2
474,5	8,2
474,9	8,2
475,2	8,3
475,6	8,3
476,0	8,4
476,3	8,3
476,7	8,3
477,1	8,2
477,4	8,1
477,8	8,2
478,2	8,2
478,5	8,2
478,9	8,3
479,2	8,3
479,6	8,3
480,0	8,2
480,3	8,2
480,7	8,3
481,1	8,3
481,4	8,3
481,8	8,3
482,1	8,3
482,5	8,3
482,9	8,3
483,2	8,4
483,6	8,4
484,0	8,4
484,3	8,3
484,7	8,2
485,0	8,3
485,4	8,3
485,8	8,3
486,1	8,3
486,5	8,4
486,8	8,6
487,2	8,7
487,6	8,6
487,9	8,5
488,3	8,4
488,7	8,3
489,0	8,3
489,4	8,3
489,7	8,2
490,1	8,2
490,5	8,2
490,8	8,2
491,2	8,2
491,5	8,2
491,9	8,3
492,3	8,3
492,6	8,3
493,0	8,3
493,4	8,2
493,7	8,2
494,1	8,2
494,4	8,3
494,8	8,3
495,2	8,3
495,5	8,2
495,9	8,2
496,2	8,4
496,6	8,4
497,0	8,4
497,3	8,4
497,7	8,3
498,0	8,3
498,4	8,2
498,8	8,2
499,1	8,2
499,5	8,2
499,8	8,2
500,2	8,2
500,6	8,1
500,9	8,2
501,3	8,3
501,6	8,4
502,0	8,4
502,4	8,3
502,7	8,3
503,1	8,4
503,4	8,5
503,8	8,8
504,2	9,3
504,5	9,7
504,9	9,8
505,2	9,6
505,6	9,1
506,0	8,7
506,3	8,5
506,7	8,4
507,0	8,4
507,4	8,3
507,8	8,4
508,1	8,6
508,5	8,9
508,8	9,2
509,2	9,3
509,6	9,2
509,9	8,8
510,3	8,5
510,6	8,5
511,0	8,4
511,4	8,3
511,7	8,5
512,1	9,0
512,4	9,4
512,8	9,6
513,1	9,4
513,5	9,1
513,9	8,7
514,2	8,5
514,6	8,5
514,9	8,8
515,3	9,0
515,7	9,2
516,0	9,1
516,4	9,0
516,7	8,9
517,1	8,6
517,4	8,5
517,8	8,4
518,2	8,3
518,5	8,3
518,9	8,3
519,2	8,4
519,6	8,6
520,0	8,9
520,3	8,9
520,7	8,9
521,0	9,1
521,4	9,2
521,7	9,2
522,1	9,1
522,5	8,9
522,8	8,7
523,2	8,6
523,5	8,6
523,9	8,5
524,2	8,4
524,6	8,4
525,0	8,4
525,3	8,3
525,7	8,2
526,0	8,2
526,4	8,3
526,7	8,2
527,1	8,2
527,5	8,3
527,8	8,3
528,2	8,2
528,5	8,2
528,9	8,3
529,2	8,3
529,6	8,2
530,0	8,2
530,3	8,4
530,7	8,4
531,0	8,4
531,4	8,4
531,7	8,3
532,1	8,3
532,5	8,4
532,8	8,6
533,2	9,1
533,5	9,9
533,9	10,8
534,2	11,6
534,6	11,9
534,9	12,1
535,3	12,0
535,7	11,2
536,0	10,1
536,4	9,4
536,7	9,1
537,1	8,9
537,4	8,7
537,8	8,5
538,1	8,5
538,5	8,4
538,9	8,5
539,2	8,5
539,6	8,5
539,9	9,0
540,3	10,3
540,6	12,1
541,0	13,3
541,3	13,1
541,7	11,8
542,1	10,4
542,4	9,5
542,8	9,1
543,1	8,8
543,5	8,6
543,8	8,6
544,2	8,5
544,5	8,4
544,9	8,3
545,3	8,2
545,6	8,2
546,0	8,3
546,3	8,3
546,7	8,2
547,0	8,3
547,4	8,3
547,7	8,2
548,1	8,2
548,4	8,3
548,8	8,3
549,2	8,3
549,5	8,2
549,9	8,2
550,2	8,2
550,6	8,2
550,9	8,3
551,3	8,3
551,6	8,3
552,0	8,4
552,3	8,3
552,7	8,3
553,0	8,3
553,4	8,2
553,8	8,2
554,1	8,3
554,5	8,4
554,8	8,4
555,2	8,4
555,5	8,4
555,9	8,3
556,2	8,4
556,6	8,6
556,9	8,8
557,3	8,9
557,6	8,8
558,0	8,7
558,3	8,5
558,7	8,4
559,1	8,3
559,4	8,3
559,8	8,3
560,1	8,3
560,5	8,3
560,8	8,3
561,2	8,2
561,5	8,3
561,9	8,4
562,2	8,3
562,6	8,2
562,9	8,2
563,3	8,3
563,6	8,4
564,0	8,4
564,3	8,3
564,7	8,3
565,0	8,3
565,4	8,4
565,8	8,7
566,1	9,2
566,5	9,6
566,8	9,7
567,2	9,5
567,5	9,1
567,9	8,9
568,2	8,6
568,6	8,4
568,9	8,5
569,3	8,6
569,6	8,8
570,0	8,8
570,3	8,7
570,7	8,6
571,0	8,6
571,4	8,5
571,7	8,4
572,1	8,6
572,4	8,8
572,8	8,9
573,1	8,9
573,5	8,8
573,8	8,7
574,2	8,5
574,5	8,6
574,9	9,0
575,2	9,6
575,6	10,2
575,9	10,5
576,3	11,1
576,7	12,8
577,0	15,2
577,4	16,8
577,7	16,4
578,1	14,4
578,4	12,1
578,8	10,5
579,1	9,6
579,5	9,2
579,8	8,9
580,2	8,9
580,5	9,2
580,9	9,7
581,2	10,2
581,6	10,5
581,9	10,9
582,3	11,8
582,6	13,0
583,0	13,8
583,3	13,6
583,7	12,7
584,0	11,7
584,4	11,8
584,7	16,4
585,1	40,9
585,4	79,3
585,8	98,6
586,1	100,0
586,5	100,0
586,8	100,0
587,2	100,0
587,5	100,0
587,9	100,0
588,2	96,0
588,6	82,3
588,9	67,9
589,3	61,9
589,6	53,6
589,9	39,0
590,3	27,2
590,6	21,3
591,0	18,7
591,3	16,9
591,7	15,4
592,0	13,9
592,4	12,6
592,7	11,5
593,1	10,8
593,4	10,4
593,8	10,7
594,1	15,0
594,5	30,8
594,8	60,2
595,2	87,6
595,5	96,3
595,9	85,6
596,2	62,9
596,6	41,2
596,9	28,2
597,3	22,3
597,6	22,3
598,0	26,9
598,3	31,7
598,7	32,1
599,0	27,9
599,4	22,1
599,7	17,4
600,1	14,4
600,4	12,3
600,8	10,7
601,1	9,9
601,4	9,5
601,8	9,3
602,1	9,1
602,5	9,7
602,8	12,2
603,2	18,3
603,5	26,6
603,9	32,4
604,2	31,7
604,6	26,0
604,9	19,7
605,3	15,2
605,6	12,4
606,0	10,8
606,3	10,0
606,7	10,1
607,0	12,2
607,3	21,6
607,7	41,7
608,0	64,8
608,4	77,0
608,7	72,2
609,1	57,7
609,4	51,8
609,8	67,8
610,1	90,9
610,5	100,0
610,8	100,0
611,2	95,2
611,5	75,0
611,9	45,6
612,2	26,6
612,5	18,7
612,9	14,8
613,2	13,8
613,6	15,0
613,9	22,1
614,3	46,2
614,6	79,7
615,0	97,5
615,3	100,0
615,7	100,0
616,0	100,0
616,4	100,0
616,7	100,0
617,0	94,3
617,4	78,4
617,7	59,4
618,1	42,9
618,4	29,8
618,8	21,4
619,1	16,3
619,5	13,0
619,8	11,1
620,2	10,2
620,5	9,9
620,8	9,7
621,2	10,2
621,5	12,9
621,9	19,9
622,2	29,4
622,6	36,1
622,9	35,8
623,3	29,8
623,6	22,3
623,9	16,6
624,3	13,3
624,6	11,4
625,0	10,2
625,3	9,7
625,7	9,8
626,0	10,8
626,4	16,9
626,7	35,4
627,0	64,6
627,4	89,1
627,7	94,8
628,1	80,9
628,4	58,0
628,8	38,3
629,1	25,8
629,5	18,2
629,8	13,9
630,1	13,3
630,5	18,1
630,8	27,8
631,2	37,7
631,5	41,3
631,9	36,6
632,2	28,1
632,5	21,2
632,9	18,3
633,2	24,1
633,6	43,5
633,9	71,0
634,3	90,9
634,6	91,1
635,0	73,7
635,3	51,5
635,6	34,3
636,0	23,4
636,3	16,7
636,7	12,8
637,0	11,1
637,4	10,5
637,7	11,3
638,0	17,5
638,4	35,7
638,7	62,7
639,1	84,1
639,4	88,6
639,8	80,3
640,1	80,6
640,4	93,1
640,8	100,0
641,1	100,0
641,5	100,0
641,8	100,0
642,1	100,0
642,5	100,0
642,8	100,0
643,2	94,4
643,5	66,5
643,9	27,2
644,2	10,1
644,5	9,7
644,9	9,4
645,2	9,3
645,6	9,2
645,9	9,2
646,3	9,1
646,6	9,1
646,9	9,0
647,3	8,9
647,6	9,0
648,0	8,9
648,3	8,8
648,6	8,9
649,0	8,9
649,3	9,0
649,7	9,3
650,0	10,5
650,3	17,2
650,7	37,1
651,0	68,1
651,4	92,4
651,7	97,6
652,1	85,8
652,4	64,0
652,7	43,6
653,1	32,8
653,4	31,9
653,8	36,9
654,1	41,1
654,4	40,1
654,8	33,4
655,1	24,8
655,5	18,5
655,8	14,7
656,1	12,4
656,5	11,4
656,8	11,4
657,2	11,5
657,5	11,3
657,8	10,7
658,2	9,9
658,5	9,5
658,9	9,3
659,2	9,5
659,5	12,0
659,9	20,7
660,2	36,0
660,6	50,6
660,9	55,6
661,2	49,4
661,6	37,7
661,9	27,0
662,3	19,6
662,6	14,8
662,9	11,8
663,3	10,1
663,6	9,3
664,0	9,0
664,3	8,8
664,6	8,8
665,0	8,8
665,3	8,8
665,7	8,9
666,0	9,0
666,3	9,0
666,7	9,1
667,0	9,4
667,3	11,8
667,7	22,1
668,0	44,4
668,4	70,6
668,7	86,0
669,0	82,8
669,4	65,8
669,7	46,1
670,1	31,2
670,4	21,9
670,7	16,2
671,1	13,2
671,4	15,0
671,7	24,4
672,1	39,6
672,4	52,7
672,8	56,0
673,1	48,5
673,4	36,4
673,8	26,0
674,1	19,1
674,4	14,6
674,8	11,7
675,1	9,9
675,5	9,1
675,8	8,8
676,1	8,6
676,5	8,5
676,8	8,5
677,2	8,4
677,5	8,3
677,8	8,3
678,2	8,2
678,5	8,2
678,8	8,2
679,2	8,2
679,5	8,2
679,8	8,3
680,2	8,4
680,5	8,3
680,9	8,2
681,2	8,2
681,5	8,2
681,9	8,3
682,2	8,3
682,5	8,2
682,9	8,2
683,2	8,2
683,6	8,2
683,9	8,3
684,2	8,3
684,6	8,3
684,9	8,2
685,2	8,3
685,6	8,3
685,9	8,3
686,2	8,2
686,6	8,2
686,9	8,2
687,3	8,2
687,6	8,3
687,9	8,3
688,3	8,2
688,6	8,2
688,9	8,3
689,3	8,3
689,6	8,4
689,9	8,4
690,3	8,3
690,6	8,3
690,9	8,3
691,3	8,3
691,6	8,4
692,0	8,6
692,3	9,3
692,6	12,8
693,0	22,8
693,3	38,5
693,6	52,6
694,0	57,3
694,3	50,3
694,6	38,0
695,0	27,3
695,3	20,3
695,6	15,6
696,0	12,4
696,3	10,3
696,6	9,2
697,0	8,8
697,3	8,6
697,6	8,4
698,0	8,4
698,3	8,5
698,6	8,5
699,0	8,4
699,3	8,4
699,7	8,5
700,0	8,5
700,3	8,6
700,7	8,6
701,0	8,6
701,3	8,5
701,7	8,7
702,0	9,0
702,3	10,0
702,7	13,0
703,0	23,1
703,3	45,2
703,7	73,4
704,0	93,4
704,3	95,0
704,7	79,6
705,0	58,4
705,3	40,9
705,7	29,4
706,0	22,1
706,3	17,7
706,7	14,8
707,0	12,9
707,3	11,4
707,7	10,4
708,0	9,6
708,3	9,1
708,7	8,7
709,0	8,5
709,3	8,4
709,7	8,4
710,0	8,3
710,3	8,3
710,7	8,3
711,0	8,3
711,3	8,3
711,7	8,3
712,0	8,4
712,3	8,3
712,7	8,2
713,0	8,3
713,3	8,3
713,6	8,2
714,0	8,3
714,3	8,3
714,6	8,3
715,0	8,2
715,3	8,2
715,6	8,2
716,0	8,2
716,3	8,2
716,6	8,4
717,0	8,9
717,3	10,4
717,6	13,3
718,0	16,2
718,3	17,6
718,6	16,8
719,0	14,7
719,3	12,6
719,6	11,1
720,0	10,1
720,3	9,4
720,6	8,8
720,9	8,5
721,3	8,3
721,6	8,3
721,9	8,4
722,3	8,4
722,6	8,3
722,9	8,2
723,3	8,4
723,6	8,6
723,9	9,3
724,3	12,7
724,6	21,3
724,9	33,1
725,2	41,8
725,6	43,0
725,9	37,1
726,2	28,4
726,6	21,1
726,9	16,5
727,2	13,7
727,6	11,6
727,9	10,0
728,2	9,1
728,6	8,6
728,9	8,4
729,2	8,3
729,5	8,2
729,9	8,3
730,2	8,3
730,5	8,3
730,9	8,2
731,2	8,1
731,5	8,1
731,9	8,1
732,2	8,2
732,5	8,2
732,8	8,2
733,2	8,2
733,5	8,2
733,8	8,1
734,2	8,1
734,5	8,1
734,8	8,1
735,1	8,1
735,5	8,1
735,8	8,1
736,1	8,1
736,5	8,1
736,8	8,1
737,1	8,1
737,4	8,2
737,8	8,2
738,1	8,1
738,4	8,1
738,8	8,2
739,1	8,2
739,4	8,2
739,7	8,2
740,1	8,2
740,4	8,1
740,7	8,1
741,1	8,2
741,4	8,1
741,7	8,1
742,0	8,1
742,4	8,1
742,7	8,2
743,0	8,2
743,4	8,4
743,7	9,5
744,0	11,9
744,3	14,8
744,7	16,7
745,0	16,6
745,3	14,9
745,7	12,8
746,0	11,2
746,3	10,1
746,6	9,6
747,0	9,1
747,3	8,8
747,6	8,8
747,9	8,7
748,3	8,7
748,6	9,0
748,9	10,0
749,3	11,6
749,6	12,9
749,9	13,2
750,2	12,4
750,6	11,1
750,9	10,1
751,2	9,4
751,5	9,0
751,9	8,7
752,2	8,5
752,5	8,4
752,8	8,4
753,2	8,6
753,5	9,3
753,8	10,5
754,2	11,9
754,5	12,9
754,8	13,0
755,1	12,5
755,5	11,6
755,8	10,6
756,1	9,8
756,4	9,4
756,8	9,0
757,1	8,7
757,4	8,5
757,7	8,3
758,1	8,2
758,4	8,2
758,7	8,1
759,0	8,1
759,4	8,1
759,7	8,1
760,0	8,1
760,3	8,1
760,7	8,0
761,0	8,0
761,3	8,1
761,6	8,1
762,0	8,1
762,3	8,1
762,6	8,0
762,9	8,0
763,3	8,0
763,6	8,0
763,9	8,1
764,2	8,1
764,6	8,1
764,9	8,1
765,2	8,1
765,5	8,1
765,9	8,1
766,2	8,1
766,5	8,0
766,8	8,0
767,2	8,0
767,5	8,1
767,8	8,1
768,1	8,1
768,5	8,1
768,8	8,1
769,1	8,1
769,4	8,1
769,8	8,1
770,1	8,1
770,4	8,1
770,7	8,1
771,1	8,2
771,4	8,1
771,7	8,0
772,0	8,0
772,3	8,1
772,7	8,1
773,0	8,1
773,3	8,1
773,6	8,1
774,0	8,0
774,3	8,0
774,6	8,0
774,9	8,0
775,3	8,1
775,6	8,1
775,9	8,1
776,2	8,1
776,6	8,1
776,9	8,1
777,2	8,1
777,5	8,1
777,8	8,2
778,2	8,1
778,5	8,1
778,8	8,0
779,1	8,1
779,5	8,1
779,8	8,1
780,1	8,0
780,4	8,0
780,7	8,1
781,1	8,2
781,4	8,2
781,7	8,1
782,0	8,0
782,4	8,1
782,7	8,2
783,0	8,2
783,3	8,2
783,6	8,2
784,0	8,2
784,3	8,2
784,6	8,2
784,9	8,1
785,3	8,1
785,6	8,1
785,9	8,1
786,2	8,1
786,5	8,1
786,9	8,1
787,2	8,1
787,5	8,1
787,8	8,1
788,1	8,1
788,5	8,1
788,8	8,1
789,1	8,1
789,4	8,1
789,7	8,1
790,1	8,1
790,4	8,2
790,7	8,3
791,0	8,2
791,4	8,2
791,7	8,2
792,0	8,1
792,3	8,1
792,6	8,2
793,0	8,1
793,3	8,1
793,6	8,2
793,9	8,3
794,2	8,4
794,6	8,7
794,9	9,1
795,2	9,2
795,5	8,9
795,8	8,5
796,2	8,4
796,5	8,3
796,8	8,3
797,1	8,3
797,4	8,3
797,8	8,2
798,1	8,2
798,4	8,1
798,7	8,0
799,0	8,1
799,4	8,1
799,7	8,1
800,0	8,1
800,3	8,1
800,6	8,1
801,0	8,1
801,3	8,1
801,6	8,1
801,9	8,0
802,2	8,0
802,5	8,0
802,9	8,0
803,2	8,1
803,5	8,1
803,8	8,1
804,1	8,1
804,5	8,1
804,8	8,2
805,1	8,2
805,4	8,0
805,7	8,1
806,1	8,2
806,4	8,2
806,7	8,1
807,0	8,1
807,3	8,1
807,6	8,0
808,0	8,1
808,3	8,2
808,6	8,3
808,9	8,3
809,2	8,2
809,5	8,2
809,9	8,1
810,2	8,1
810,5	8,1
810,8	8,2
811,1	8,2
811,5	8,2
811,8	8,3
812,1	8,4
812,4	8,4
812,7	8,4
813,0	8,4
813,4	8,5
813,7	8,8
814,0	9,4
814,3	9,7
814,6	9,7
814,9	9,3
815,3	8,8
815,6	8,6
815,9	8,5
816,2	8,4
816,5	8,4
816,8	8,4
817,2	8,3
817,5	8,3
817,8	8,2
818,1	8,1
818,4	8,1
818,7	8,1
819,1	8,1
819,4	8,1
819,7	8,0
820,0	8,0
820,3	8,1
820,6	8,2
821,0	8,2
821,3	8,2
821,6	8,1
821,9	8,1
822,2	8,1
822,5	8,1
822,9	8,1
823,2	8,1
823,5	8,1
823,8	8,2
824,1	8,2
824,4	8,1
824,7	8,2
825,1	8,2
825,4	8,1
825,7	8,1
826,0	8,2
826,3	8,3
826,6	8,5
827,0	8,7
827,3	8,8
827,6	8,7
827,9	8,6
828,2	8,4
828,5	8,3
828,8	8,3
829,2	8,2
829,5	8,2
829,8	8,3
830,1	8,8
830,4	9,5
830,7	9,9
831,0	9,9
831,4	9,6
831,7	9,1
832,0	8,8
832,3	8,6
832,6	8,5
832,9	8,5
833,2	8,4
833,6	8,3
833,9	8,2
834,2	8,2
834,5	8,2
834,8	8,2
835,1	8,1
835,4	8,1
835,8	8,1
836,1	8,2
836,4	8,2
836,7	8,2
837,0	8,3
837,3	8,8
837,6	10,2
837,9	12,5
838,3	14,6
838,6	15,3
838,9	14,3
839,2	12,5
839,5	11,1
839,8	10,3
840,1	9,7
840,5	9,5
840,8	9,4
841,1	9,3
841,4	9,1
841,7	9,1
842,0	9,3
842,3	9,6
842,6	9,6
843,0	9,4
843,3	8,9
843,6	8,6
843,9	8,5
844,2	8,5
844,5	8,4
844,8	8,4
845,1	8,3
845,5	8,3
845,8	8,3
846,1	8,3
846,4	8,3
846,7	8,3
847,0	8,3
847,3	8,3
847,6	8,3
847,9	8,2
848,3	8,1
848,6	8,2
848,9	8,3
849,2	8,6
849,5	9,5
849,8	10,7
850,1	11,5
850,4	11,5
850,7	10,9
851,1	10,0
851,4	9,5
851,7	9,2
852,0	9,0
852,3	8,9
852,6	8,9
852,9	8,7
853,2	8,6
853,5	8,5
853,9	8,3
854,2	8,2
854,5	8,2
854,8	8,2
855,1	8,2
855,4	8,2
855,7	8,1
856,0	8,1
856,3	8,1
856,7	8,2
857,0	8,1
857,3	8,1
857,6	8,2
857,9	8,2
858,2	8,2
858,5	8,3
858,8	8,5
859,1	8,9
859,4	9,5
859,8	9,9
860,1	9,9
860,4	9,5
860,7	9,1
861,0	8,8
861,3	8,7
861,6	8,5
861,9	8,4
862,2	8,4
862,5	8,5
862,8	8,5
863,2	8,5
863,5	8,8
863,8	9,1
864,1	9,3
864,4	9,3
864,7	9,1
865,0	9,1
865,3	9,7
865,6	10,7
865,9	11,6
866,2	11,7
866,6	11,1
866,9	10,3
867,2	9,7
867,5	9,4
867,8	9,3
868,1	9,5
868,4	9,6
868,7	9,6
869,0	9,4
869,3	9,2
869,6	8,9
869,9	8,6
870,2	8,5
870,6	8,4
870,9	8,3
871,2	8,3
871,5	8,3
871,8	8,3
872,1	8,2
872,4	8,1
872,7	8,1
873,0	8,2
873,3	8,1
873,6	8,1
873,9	8,1
874,2	8,1
874,6	8,1
874,9	8,1
875,2	8,2
875,5	8,1
875,8	8,1
876,1	8,1
876,4	8,0
876,7	8,1
877,0	8,2
877,3	8,3
877,6	8,6
877,9	9,2
878,2	10,0
878,5	10,6
878,9	11,0
879,2	10,9
879,5	10,3
879,8	9,7
880,1	9,3
880,4	9,1
880,7	8,9
881,0	8,8
881,3	8,8
881,6	8,8
881,9	8,7
882,2	8,6
882,5	8,4
882,8	8,3
883,1	8,2
883,4	8,3
883,7	8,2
884,1	8,1
884,4	8,0
884,7	8,1
885,0	8,2
885,3	8,3
885,6	8,5
885,9	8,6
886,2	8,7
886,5	8,7
886,8	8,7
887,1	8,7
887,4	8,6
887,7	8,6
888,0	8,6
888,3	8,5
888,6	8,4
888,9	8,4
889,2	8,3
889,5	8,3
889,9	8,2
890,2	8,2
890,5	8,2
890,8	8,2
891,1	8,1
891,4	8,1
891,7	8,2
892,0	8,2
892,3	8,3
892,6	8,3
892,9	8,2
893,2	8,2
893,5	8,2
893,8	8,2
894,1	8,2
894,4	8,1
894,7	8,1
895,0	8,1
895,3	8,1
895,6	8,1
895,9	8,2
896,2	8,1
896,5	8,1
896,8	8,1
897,1	8,1
897,4	8,1
897,8	8,1
898,1	8,1
898,4	8,1
898,7	8,2
899,0	8,1
899,3	8,1
899,6	8,1
899,9	8,1
900,2	8,1
900,5	8,1
900,8	8,0
901,1	8,1
901,4	8,2
901,7	8,1
902,0	8,1
902,3	8,1
902,6	8,1
902,9	8,1
903,2	8,1
903,5	8,1
903,8	8,1
904,1	8,1
904,4	8,2
904,7	8,1
905,0	8,1
905,3	8,1
905,6	8,1
905,9	8,1
906,2	8,0
906,5	8,0
906,8	8,0
907,1	8,0
907,4	8,0
907,7	7,9
908,0	8,0
908,3	8,0
908,6	8,0
908,9	8,0
909,2	8,1
909,5	8,2
909,8	8,1
910,1	8,1
910,4	8,0
910,7	8,0
911,0	8,0
911,3	8,1
911,6	8,1
911,9	8,1
912,2	8,1
912,5	8,0
912,8	8,0
913,1	8,1
913,4	8,1
913,7	8,1
914,1	8,1
914,4	8,1
914,7	8,1
915,0	8,2
915,3	8,1
915,6	8,1
915,9	8,2
916,2	8,2
916,5	8,1
916,8	8,2
917,1	8,2
917,4	8,1
917,7	8,1
918,0	8,1
918,3	8,1
918,6	8,1
918,8	8,1
919,1	8,1
919,4	8,1
919,7	8,1
920,0	8,0
920,3	8,1
920,6	8,2
920,9	8,2
921,2	8,2
921,5	8,1
921,8	8,1
922,1	8,1
922,4	8,2
922,7	8,2
923,0	8,2
923,3	8,3
923,6	8,2
923,9	8,2
924,2	8,2
924,5	8,1
924,8	8,1
925,1	8,2
925,4	8,2
925,7	8,1
926,0	8,1
926,3	8,1
926,6	8,1
926,9	8,1
927,2	8,1
927,5	8,1
927,8	8,1
928,1	8,1
928,4	8,1
928,7	8,1
929,0	8,1
929,3	8,1
929,6	8,1
929,9	8,1
930,2	8,1
930,5	8,0
930,8	8,1
931,1	8,1
931,4	8,1
931,7	8,2
932,0	8,2
932,3	8,2
932,6	8,2
932,9	8,2
933,2	8,2
933,5	8,2
933,8	8,2
934,1	8,1
934,4	8,2
934,7	8,2
934,9	8,2
935,2	8,1
935,5	8,1
935,8	8,1
936,1	8,1
936,4	8,0
936,7	8,0
937,0	8,0
937,3	8,0
937,6	8,1
937,9	8,1
938,2	8,1
938,5	8,0
938,8	8,1
939,1	8,1
939,4	8,1
939,7	8,1
940,0	8,1
940,3	8,1
940,6	8,0
940,9	8,0
941,2	8,0
941,5	8,0
941,8	8,0
942,1	8,1
942,3	8,1
942,6	8,1
942,9	8,0
943,2	8,0
943,5	8,1
943,8	8,1
944,1	8,1
944,4	8,1
944,7	8,1
945,0	8,1
945,3	8,1
945,6	8,1
945,9	8,1
946,2	8,1
946,5	8,0
946,8	8,0
947,1	8,0
947,4	8,0
947,7	8,1
948,0	8,1
948,2	8,0
948,5	8,1
948,8	8,1
949,1	8,1
949,4	8,2
949,7	8,1
950,0	8,1
950,3	8,1
950,6	8,1
950,9	8,1
951,2	8,0
951,5	8,1
951,8	8,1
952,1	8,1
952,4	8,1
952,7	8,1
952,9	8,1
953,2	8,1
953,5	8,0
953,8	8,1
954,1	8,2
954,4	8,2
954,7	8,1
955,0	8,1
955,3	8,1
955,6	8,1
955,9	8,1
956,2	8,1
956,5	8,1
956,8	8,1
957,0	8,1
957,3	8,2
957,6	8,2
957,9	8,1
958,2	8,1
958,5	8,1
958,8	8,1
959,1	8,1
959,4	8,1
959,7	8,1
960,0	8,1
960,3	8,0
960,6	8,0
960,8	8,0
961,1	8,0
961,4	8,0
961,7	8,0
962,0	8,0
962,3	8,0
962,6	8,0
962,9	8,0
963,2	8,1
963,5	8,2
963,8	8,1
964,1	8,0
964,3	8,0
964,6	8,1
964,9	8,2
965,2	8,2
965,5	8,1
965,8	8,0
966,1	8,1
966,4	8,1
966,7	8,1
967,0	8,1
967,3	8,1
967,5	8,1
967,8	8,1
968,1	8,0
968,4	8,1
968,7	8,1
969,0	8,0
969,3	8,0
969,6	8,0
969,9	8,1
970,2	8,0
970,5	8,0
970,7	8,0
971,0	8,1
971,3	8,1
971,6	8,1
971,9	8,1
972,2	8,1
972,5	8,1
972,8	8,1
973,1	8,1
973,4	8,1
973,6	8,1
973,9	8,0
974,2	8,0
974,5	8,0
974,8	8,0
975,1	8,1
975,4	8,2
975,7	8,1
976,0	8,2
976,2	8,2
976,5	8,1
976,8	8,0
977,1	8,0
977,4	8,0
977,7	8,1
978,0	8,1
978,3	8,0
978,6	8,1
978,8	8,1
979,1	8,1
979,4	8,1
979,7	8,1
980,0	8,1
980,3	8,1
980,6	8,1
980,9	8,1
981,2	8,0
981,4	8,0
981,7	8,1
982,0	8,0
982,3	8,0
982,6	8,0
982,9	8,0
983,2	8,1
983,5	8,0
983,7	8,1
984,0	8,1
984,3	8,1
984,6	8,0
984,9	8,0
985,2	8,1
985,5	8,1
985,8	8,1
986,0	8,1
986,3	8,1
986,6	8,1
986,9	8,0
987,2	8,0
987,5	8,0
987,8	8,0
988,1	8,0
988,3	8,0
988,6	8,1
988,9	8,1
989,2	8,1
989,5	8,1
989,8	8,0
990,1	8,0
990,3	8,1
990,6	8,2
990,9	8,1
991,2	8,1
991,5	8,1
991,8	8,1
992,1	8,0
992,3	8,0
992,6	8,1
992,9	8,1
993,2	8,1
993,5	8,1
993,8	8,1
994,1	8,1
994,4	8,1
994,6	8,0
994,9	8,0
995,2	8,0
995,5	8,0
995,8	8,1
996,1	8,1
996,3	8,1
996,6	8,0
996,9	8,0
997,2	8,0
997,5	7,9
997,8	8,0
998,1	8,0
998,3	8,0
998,6	8,0
998,9	8,0
999,2	8,1
999,5	8,1
999,8	8,1
1000,1	8,1
1000,3	8,1
1000,6	8,1
1000,9	8,1
1001,2	8,0
1001,5	8,0
1001,8	8,1
1002,0	8,2
1002,3	8,1
1002,6	8,0
1002,9	8,0
1003,2	8,1
1003,5	8,1
1003,7	8,1
1004,0	8,0
1004,3	8,0
1004,6	8,0
1004,9	7,9
1005,2	7,9
1005,4	8,0
1005,7	8,0
1006,0	8,1
1006,3	8,1
1006,6	8,1
1006,9	8,1
1007,1	8,1
1007,4	8,1
1007,7	8,1
1008,0	8,1
1008,3	8,1
1008,6	8,1
1008,8	8,1
1009,1	8,1
1009,4	8,1
1009,7	8,0
1010,0	8,0
1010,3	8,0
1010,5	8,0
1010,8	8,0
1011,1	8,0
1011,4	8,0
1011,7	8,1
1012,0	8,1
1012,2	8,1
1012,5	8,1
1012,8	8,1
1013,1	8,1
1013,4	8,0
1013,6	8,0
1013,9	8,1
1014,2	8,1
1014,5	8,0
1014,8	8,0
1015,1	8,1
1015,3	8,1
1015,6	8,1
1015,9	8,1
1016,2	8,0
1016,5	8,0
1016,7	8,1
1017,0	8,1
1017,3	8,1
1017,6	8,0
1017,9	8,0
1018,1	8,0
1018,4	8,0
1018,7	8,1
1019,0	8,1
1019,3	8,1
1019,6	8,0
