&l / nm	I_1 / %
339,5	0,0
339,9	5,7
340,3	7,7
340,7	7,7
341,0	7,8
341,4	7,8
341,8	7,9
342,2	7,9
342,6	8,0
342,9	8,0
343,3	8,0
343,7	8,0
344,1	7,9
344,4	7,9
344,8	8,0
345,2	8,0
345,6	7,9
346,0	7,9
346,3	8,0
346,7	8,0
347,1	7,9
347,5	7,9
347,8	7,9
348,2	7,9
348,6	7,9
349,0	8,1
349,4	8,0
349,7	8,0
350,1	8,0
350,5	8,1
350,9	8,0
351,2	8,1
351,6	8,1
352,0	8,1
352,4	8,1
352,7	8,1
353,1	8,1
353,5	8,1
353,9	8,1
354,3	8,1
354,6	8,1
355,0	8,1
355,4	8,1
355,8	8,1
356,1	8,1
356,5	8,1
356,9	8,1
357,3	8,1
357,6	8,1
358,0	8,2
358,4	8,2
358,8	8,1
359,1	8,1
359,5	8,1
359,9	8,2
360,3	8,1
360,7	8,1
361,0	8,2
361,4	8,3
361,8	8,3
362,2	8,3
362,5	8,2
362,9	8,1
363,3	8,0
363,7	8,0
364,0	8,0
364,4	8,1
364,8	8,2
365,2	8,2
365,5	8,2
365,9	8,2
366,3	8,2
366,7	8,2
367,0	8,1
367,4	8,1
367,8	8,1
368,2	8,2
368,5	8,2
368,9	8,2
369,3	8,2
369,7	8,2
370,0	8,2
370,4	8,2
370,8	8,1
371,2	8,2
371,5	8,2
371,9	8,2
372,3	8,1
372,7	8,1
373,0	8,2
373,4	8,2
373,8	8,1
374,2	8,1
374,5	8,1
374,9	8,1
375,3	8,2
375,7	8,3
376,0	8,2
376,4	8,2
376,8	8,2
377,2	8,2
377,5	8,1
377,9	8,1
378,3	8,1
378,7	8,2
379,0	8,2
379,4	8,2
379,8	8,2
380,1	8,2
380,5	8,2
380,9	8,1
381,3	8,2
381,6	8,2
382,0	8,2
382,4	8,2
382,8	8,2
383,1	8,2
383,5	8,2
383,9	8,2
384,3	8,3
384,6	8,3
385,0	8,2
385,4	8,1
385,8	8,2
386,1	8,3
386,5	8,2
386,9	8,2
387,2	8,2
387,6	8,2
388,0	8,1
388,4	8,1
388,7	8,1
389,1	8,2
389,5	8,2
389,9	8,4
390,2	8,5
390,6	8,4
391,0	8,3
391,3	8,3
391,7	8,2
392,1	8,2
392,5	8,2
392,8	8,2
393,2	8,2
393,6	8,2
394,0	8,2
394,3	8,2
394,7	8,2
395,1	8,2
395,4	8,2
395,8	8,2
396,2	8,3
396,6	8,4
396,9	8,4
397,3	8,3
397,7	8,3
398,0	8,3
398,4	8,3
398,8	8,3
399,2	8,3
399,5	8,3
399,9	8,3
400,3	8,3
400,7	8,2
401,0	8,2
401,4	8,1
401,8	8,1
402,1	8,1
402,5	8,2
402,9	8,2
403,3	8,1
403,6	8,1
404,0	8,2
404,4	8,2
404,7	8,3
405,1	8,2
405,5	8,2
405,9	8,2
406,2	8,1
406,6	8,1
407,0	8,2
407,3	8,3
407,7	8,3
408,1	8,3
408,4	8,4
408,8	8,4
409,2	8,4
409,6	8,4
409,9	8,3
410,3	8,3
410,7	8,3
411,0	8,3
411,4	8,3
411,8	8,3
412,2	8,3
412,5	8,4
412,9	8,3
413,3	8,3
413,6	8,3
414,0	8,3
414,4	8,3
414,7	8,3
415,1	8,2
415,5	8,2
415,9	8,2
416,2	8,2
416,6	8,3
417,0	8,3
417,3	8,3
417,7	8,2
418,1	8,2
418,4	8,2
418,8	8,3
419,2	8,2
419,6	8,2
419,9	8,3
420,3	8,3
420,7	8,3
421,0	8,3
421,4	8,3
421,8	8,3
422,1	8,4
422,5	8,3
422,9	8,3
423,2	8,3
423,6	8,3
424,0	8,3
424,4	8,2
424,7	8,2
425,1	8,2
425,5	8,2
425,8	8,2
426,2	8,3
426,6	8,3
426,9	8,2
427,3	8,2
427,7	8,2
428,0	8,3
428,4	8,3
428,8	8,3
429,1	8,3
429,5	8,3
429,9	8,3
430,3	8,2
430,6	8,2
431,0	8,3
431,4	8,2
431,7	8,2
432,1	8,2
432,5	8,3
432,8	8,3
433,2	8,3
433,6	8,3
433,9	8,3
434,3	8,2
434,7	8,2
435,0	8,3
435,4	8,2
435,8	8,2
436,1	8,2
436,5	8,2
436,9	8,2
437,2	8,3
437,6	8,2
438,0	8,1
438,3	8,2
438,7	8,3
439,1	8,4
439,5	8,3
439,8	8,2
440,2	8,2
440,6	8,2
440,9	8,3
441,3	8,3
441,7	8,3
442,0	8,3
442,4	8,2
442,8	8,1
443,1	8,1
443,5	8,2
443,9	8,2
444,2	8,2
444,6	8,2
445,0	8,2
445,3	8,3
445,7	8,2
446,1	8,2
446,4	8,2
446,8	8,2
447,2	8,2
447,5	8,2
447,9	8,2
448,3	8,1
448,6	8,1
449,0	8,1
449,4	8,1
449,7	8,2
450,1	8,4
450,5	8,5
450,8	8,6
451,2	8,7
451,5	8,7
451,9	8,5
452,3	8,4
452,6	8,4
453,0	8,5
453,4	8,6
453,7	8,5
454,1	8,4
454,5	8,3
454,8	8,2
455,2	8,3
455,6	8,4
455,9	8,3
456,3	8,3
456,7	8,2
457,0	8,2
457,4	8,3
457,8	8,2
458,1	8,1
458,5	8,3
458,9	8,7
459,2	8,8
459,6	8,7
460,0	8,6
460,3	8,5
460,7	8,3
461,0	8,3
461,4	8,3
461,8	8,3
462,1	8,4
462,5	8,8
462,9	9,5
463,2	10,1
463,6	10,3
464,0	9,9
464,3	9,4
464,7	9,0
465,1	8,7
465,4	8,5
465,8	8,4
466,2	8,3
466,5	8,3
466,9	8,5
467,2	9,5
467,6	11,0
468,0	12,3
468,3	12,5
468,7	11,6
469,1	10,5
469,4	9,8
469,8	9,5
470,2	9,2
470,5	9,1
470,9	9,1
471,2	8,8
471,6	8,6
472,0	8,5
472,3	8,4
472,7	8,4
473,1	8,4
473,4	8,5
473,8	8,8
474,2	9,2
474,5	9,3
474,9	9,1
475,2	8,8
475,6	8,6
476,0	8,5
476,3	8,4
476,7	8,2
477,1	8,2
477,4	8,2
477,8	8,3
478,2	8,3
478,5	8,2
478,9	8,1
479,2	8,2
479,6	8,2
480,0	8,3
480,3	8,5
480,7	8,8
481,1	9,4
481,4	10,1
481,8	10,4
482,1	10,1
482,5	9,5
482,9	9,1
483,2	8,9
483,6	9,1
484,0	9,2
484,3	9,2
484,7	9,2
485,0	9,2
485,4	9,2
485,8	9,0
486,1	8,7
486,5	8,5
486,8	8,4
487,2	8,4
487,6	8,3
487,9	8,3
488,3	8,2
488,7	8,2
489,0	8,2
489,4	8,2
489,7	8,1
490,1	8,2
490,5	8,3
490,8	8,3
491,2	8,3
491,5	8,4
491,9	8,8
492,3	9,5
492,6	10,2
493,0	10,5
493,4	10,4
493,7	10,1
494,1	9,6
494,4	9,0
494,8	8,6
495,2	8,5
495,5	8,3
495,9	8,2
496,2	8,1
496,6	8,1
497,0	8,2
497,3	8,2
497,7	8,2
498,0	8,3
498,4	8,3
498,8	8,3
499,1	8,2
499,5	8,2
499,8	8,1
500,2	8,1
500,6	8,1
500,9	8,2
501,3	8,2
501,6	8,2
502,0	8,2
502,4	8,2
502,7	8,3
503,1	8,4
503,4	8,4
503,8	8,5
504,2	8,5
504,5	8,4
504,9	8,4
505,2	8,3
505,6	8,2
506,0	8,2
506,3	8,1
506,7	8,1
507,0	8,3
507,4	8,3
507,8	8,3
508,1	8,3
508,5	8,3
508,8	8,2
509,2	8,2
509,6	8,2
509,9	8,2
510,3	8,2
510,6	8,2
511,0	8,2
511,4	8,2
511,7	8,3
512,1	8,3
512,4	8,2
512,8	8,2
513,1	8,3
513,5	8,3
513,9	8,3
514,2	8,3
514,6	8,2
514,9	8,2
515,3	8,2
515,7	8,2
516,0	8,2
516,4	8,2
516,7	8,2
517,1	8,2
517,4	8,3
517,8	8,4
518,2	8,3
518,5	8,3
518,9	8,3
519,2	8,3
519,6	8,3
520,0	8,3
520,3	8,3
520,7	8,2
521,0	8,2
521,4	8,2
521,7	8,3
522,1	8,3
522,5	8,3
522,8	8,2
523,2	8,2
523,5	8,3
523,9	8,3
524,2	8,2
524,6	8,2
525,0	8,3
525,3	8,3
525,7	8,3
526,0	8,3
526,4	8,2
526,7	8,2
527,1	8,2
527,5	8,2
527,8	8,2
528,2	8,3
528,5	8,2
528,9	8,2
529,2	8,3
529,6	8,3
530,0	8,3
530,3	8,3
530,7	8,2
531,0	8,2
531,4	8,3
531,7	8,3
532,1	8,2
532,5	8,2
532,8	8,2
533,2	8,2
533,5	8,2
533,9	8,2
534,2	8,2
534,6	8,2
534,9	8,2
535,3	8,3
535,7	8,3
536,0	8,3
536,4	8,3
536,7	8,4
537,1	8,3
537,4	8,3
537,8	8,4
538,1	8,4
538,5	8,3
538,9	8,3
539,2	8,3
539,6	8,4
539,9	8,4
540,3	8,5
540,6	8,5
541,0	8,5
541,3	8,6
541,7	8,4
542,1	8,2
542,4	8,2
542,8	8,2
543,1	8,3
543,5	8,4
543,8	8,3
544,2	8,3
544,5	8,3
544,9	8,3
545,3	8,3
545,6	8,3
546,0	8,2
546,3	8,3
546,7	8,3
547,0	8,3
547,4	8,3
547,7	8,3
548,1	8,2
548,4	8,2
548,8	8,2
549,2	8,2
549,5	8,3
549,9	8,3
550,2	8,3
550,6	8,3
550,9	8,3
551,3	8,3
551,6	8,3
552,0	8,3
552,3	8,2
552,7	8,2
553,0	8,2
553,4	8,2
553,8	8,2
554,1	8,2
554,5	8,2
554,8	8,2
555,2	8,3
555,5	8,2
555,9	8,3
556,2	8,3
556,6	8,4
556,9	8,5
557,3	8,6
557,6	8,7
558,0	8,7
558,3	8,7
558,7	8,7
559,1	8,5
559,4	8,4
559,8	8,3
560,1	8,3
560,5	8,3
560,8	8,3
561,2	8,3
561,5	8,3
561,9	8,4
562,2	8,4
562,6	8,4
562,9	8,4
563,3	8,3
563,6	8,4
564,0	8,3
564,3	8,3
564,7	8,2
565,0	8,2
565,4	8,2
565,8	8,2
566,1	8,3
566,5	8,3
566,8	8,2
567,2	8,2
567,5	8,2
567,9	8,2
568,2	8,2
568,6	8,1
568,9	8,2
569,3	8,3
569,6	8,4
570,0	8,4
570,3	8,4
570,7	8,4
571,0	8,5
571,4	8,5
571,7	8,5
572,1	8,5
572,4	8,6
572,8	8,6
573,1	8,5
573,5	8,4
573,8	8,4
574,2	8,3
574,5	8,3
574,9	8,2
575,2	8,1
575,6	8,1
575,9	8,2
576,3	8,2
576,7	8,2
577,0	8,1
577,4	8,2
577,7	8,3
578,1	8,2
578,4	8,2
578,8	8,3
579,1	8,3
579,5	8,3
579,8	8,2
580,2	8,2
580,5	8,2
580,9	8,2
581,2	8,2
581,6	8,3
581,9	8,3
582,3	8,4
582,6	8,6
583,0	8,8
583,3	9,0
583,7	9,0
584,0	8,8
584,4	8,6
584,7	8,4
585,1	8,3
585,4	8,3
585,8	8,3
586,1	8,2
586,5	8,2
586,8	8,2
587,2	8,3
587,5	8,4
587,9	8,6
588,2	8,9
588,6	9,0
588,9	8,9
589,3	8,8
589,6	8,7
589,9	8,9
590,3	8,9
590,6	8,8
591,0	8,7
591,3	8,6
591,7	8,4
592,0	8,3
592,4	8,3
592,7	8,3
593,1	8,4
593,4	8,6
593,8	9,0
594,1	9,2
594,5	9,2
594,8	9,0
595,2	8,7
595,5	8,4
595,9	8,3
596,2	8,3
596,6	8,3
596,9	8,2
597,3	8,2
597,6	8,2
598,0	8,2
598,3	8,3
598,7	8,3
599,0	8,3
599,4	8,3
599,7	8,3
600,1	8,3
600,4	8,3
600,8	8,4
601,1	8,3
601,4	8,3
601,8	8,2
602,1	8,3
602,5	8,3
602,8	8,3
603,2	8,3
603,5	8,4
603,9	8,3
604,2	8,3
604,6	8,3
604,9	8,2
605,3	8,2
605,6	8,2
606,0	8,2
606,3	8,2
606,7	8,2
607,0	8,2
607,3	8,1
607,7	8,2
608,0	8,2
608,4	8,1
608,7	8,2
609,1	8,2
609,4	8,2
609,8	8,2
610,1	8,2
610,5	8,3
610,8	8,3
611,2	8,3
611,5	8,3
611,9	8,3
612,2	8,4
612,5	8,4
612,9	8,4
613,2	8,3
613,6	8,2
613,9	8,2
614,3	8,2
614,6	8,3
615,0	8,3
615,3	8,3
615,7	8,3
616,0	8,3
616,4	8,4
616,7	8,5
617,0	8,6
617,4	8,5
617,7	8,5
618,1	8,7
618,4	9,1
618,8	9,6
619,1	9,9
619,5	9,7
619,8	9,3
620,2	9,0
620,5	8,9
620,8	8,9
621,2	8,8
621,5	8,6
621,9	8,5
622,2	8,5
622,6	8,5
622,9	8,5
623,3	8,3
623,6	8,2
623,9	8,2
624,3	8,2
624,6	8,2
625,0	8,2
625,3	8,2
625,7	8,2
626,0	8,2
626,4	8,3
626,7	8,3
627,0	8,3
627,4	8,3
627,7	8,3
628,1	8,3
628,4	8,2
628,8	8,2
629,1	8,4
629,5	8,5
629,8	8,5
630,1	8,5
630,5	8,4
630,8	8,3
631,2	8,3
631,5	8,4
631,9	8,7
632,2	9,3
632,5	9,9
632,9	10,0
633,2	9,8
633,6	9,4
633,9	8,9
634,3	8,5
634,6	8,4
635,0	8,3
635,3	8,2
635,6	8,2
636,0	8,2
636,3	8,1
636,7	8,1
637,0	8,1
637,4	8,2
637,7	8,2
638,0	8,1
638,4	8,1
638,7	8,1
639,1	8,1
639,4	8,1
639,8	8,1
640,1	8,1
640,4	8,1
640,8	8,1
641,1	8,2
641,5	8,2
641,8	8,1
642,1	8,2
642,5	8,3
642,8	8,3
643,2	8,2
643,5	8,2
643,9	8,2
644,2	8,2
644,5	8,2
644,9	8,1
645,2	8,1
645,6	8,1
645,9	8,2
646,3	8,2
646,6	8,1
646,9	8,3
647,3	8,7
647,6	9,2
648,0	9,3
648,3	9,2
648,6	9,0
649,0	8,8
649,3	8,7
649,7	8,8
650,0	8,8
650,3	8,8
650,7	8,9
651,0	9,0
651,4	8,9
651,7	8,6
652,1	8,5
652,4	8,3
652,7	8,3
653,1	8,2
653,4	8,3
653,8	8,3
654,1	8,3
654,4	8,3
654,8	8,4
655,1	8,4
655,5	8,3
655,8	8,3
656,1	8,4
656,5	8,4
656,8	8,4
657,2	8,3
657,5	8,3
657,8	8,2
658,2	8,1
658,5	8,1
658,9	8,0
659,2	8,1
659,5	8,2
659,9	8,3
660,2	8,5
660,6	8,7
660,9	8,7
661,2	8,5
661,6	8,4
661,9	8,4
662,3	8,3
662,6	8,2
662,9	8,2
663,3	8,2
663,6	8,3
664,0	8,4
664,3	8,4
664,6	8,4
665,0	8,3
665,3	8,3
665,7	8,2
666,0	8,1
666,3	8,2
666,7	8,4
667,0	8,7
667,3	8,9
667,7	9,1
668,0	9,2
668,4	9,2
668,7	8,9
669,0	8,6
669,4	8,4
669,7	8,3
670,1	8,2
670,4	8,1
670,7	8,1
671,1	8,1
671,4	8,1
671,7	8,1
672,1	8,0
672,4	8,1
672,8	8,6
673,1	9,1
673,4	9,6
673,8	9,9
674,1	9,7
674,4	9,3
674,8	8,8
675,1	8,5
675,5	8,2
675,8	8,1
676,1	8,1
676,5	8,1
676,8	8,1
677,2	8,1
677,5	8,1
677,8	8,2
678,2	8,3
678,5	8,3
678,8	8,4
679,2	8,3
679,5	8,2
679,8	8,1
680,2	8,2
680,5	8,1
680,9	8,1
681,2	8,1
681,5	8,1
681,9	8,1
682,2	8,1
682,5	8,1
682,9	8,3
683,2	8,6
683,6	8,7
683,9	8,7
684,2	8,6
684,6	8,5
684,9	8,6
685,2	8,7
685,6	8,7
685,9	8,7
686,2	8,6
686,6	8,5
686,9	8,6
687,3	8,8
687,6	9,1
687,9	9,5
688,3	10,1
688,6	10,7
688,9	11,2
689,3	11,0
689,6	10,4
689,9	9,7
690,3	9,0
690,6	8,6
690,9	8,4
691,3	8,3
691,6	8,2
692,0	8,2
692,3	8,2
692,6	8,2
693,0	8,3
693,3	8,4
693,6	8,5
694,0	8,5
694,3	8,5
694,6	8,3
695,0	8,1
695,3	8,1
695,6	8,1
696,0	8,1
696,3	8,1
696,6	8,1
697,0	8,1
697,3	8,1
697,6	8,2
698,0	8,4
698,3	8,5
698,6	8,6
699,0	8,5
699,3	8,4
699,7	8,4
700,0	8,3
700,3	8,1
700,7	8,1
701,0	8,1
701,3	8,1
701,7	8,1
702,0	8,1
702,3	8,2
702,7	8,2
703,0	8,2
703,3	8,1
703,7	8,1
704,0	8,2
704,3	8,2
704,7	8,2
705,0	8,2
705,3	8,2
705,7	8,2
706,0	8,1
706,3	8,1
706,7	8,1
707,0	8,1
707,3	8,1
707,7	8,1
708,0	8,1
708,3	8,1
708,7	8,0
709,0	8,0
709,3	8,1
709,7	8,1
710,0	8,0
710,3	8,0
710,7	8,1
711,0	8,1
711,3	8,1
711,7	8,3
712,0	8,9
712,3	10,0
712,7	10,9
713,0	11,0
713,3	10,5
713,6	9,9
714,0	9,2
714,3	8,7
714,6	8,5
715,0	8,3
715,3	8,2
715,6	8,1
716,0	8,1
716,3	8,1
716,6	8,1
717,0	8,1
717,3	8,1
717,6	8,1
718,0	8,1
718,3	8,1
718,6	8,1
719,0	8,0
719,3	8,1
719,6	8,1
720,0	8,1
720,3	8,1
720,6	8,1
720,9	8,1
721,3	8,0
721,6	8,0
721,9	8,0
722,3	8,0
722,6	7,9
722,9	7,9
723,3	8,1
723,6	8,1
723,9	8,0
724,3	8,1
724,6	8,2
724,9	8,2
725,2	8,2
725,6	8,2
725,9	8,3
726,2	8,4
726,6	8,5
726,9	8,6
727,2	8,6
727,6	8,6
727,9	8,5
728,2	8,5
728,6	8,7
728,9	8,9
729,2	9,1
729,5	9,2
729,9	9,0
730,2	8,7
730,5	8,6
730,9	8,5
731,2	8,3
731,5	8,3
731,9	8,4
732,2	8,6
732,5	8,7
732,8	8,8
733,2	8,8
733,5	8,7
733,8	8,6
734,2	8,6
734,5	8,7
734,8	8,7
735,1	8,5
735,5	8,4
735,8	8,3
736,1	8,3
736,5	8,3
736,8	8,2
737,1	8,1
737,4	8,1
737,8	8,1
738,1	8,1
738,4	8,2
738,8	8,3
739,1	8,5
739,4	8,8
739,7	9,1
740,1	9,4
740,4	9,4
740,7	9,2
741,1	8,9
741,4	8,6
741,7	8,4
742,0	8,3
742,4	8,3
742,7	8,2
743,0	8,2
743,4	8,2
743,7	8,2
744,0	8,2
744,3	8,1
744,7	8,0
745,0	8,1
745,3	8,1
745,7	8,2
746,0	8,2
746,3	8,2
746,6	8,1
747,0	8,1
747,3	8,2
747,6	8,3
747,9	8,2
748,3	8,3
748,6	8,4
748,9	8,3
749,3	8,2
749,6	8,2
749,9	8,2
750,2	8,3
750,6	8,2
750,9	8,2
751,2	8,2
751,5	8,1
751,9	8,1
752,2	8,2
752,5	8,2
752,8	8,2
753,2	8,1
753,5	8,1
753,8	8,2
754,2	8,2
754,5	8,1
754,8	8,0
755,1	8,0
755,5	8,1
755,8	8,1
756,1	8,2
756,4	8,2
756,8	8,2
757,1	8,2
757,4	8,2
757,7	8,2
758,1	8,3
758,4	8,9
758,7	10,3
759,0	12,2
759,4	13,8
759,7	14,2
760,0	13,8
760,3	13,3
760,7	13,0
761,0	12,7
761,3	12,0
761,6	11,0
762,0	10,0
762,3	9,3
762,6	8,9
762,9	8,7
763,3	8,5
763,6	8,3
763,9	8,5
764,2	9,3
764,6	10,6
764,9	11,6
765,2	11,8
765,5	11,1
765,9	10,2
766,2	9,4
766,5	9,0
766,8	8,9
767,2	8,8
767,5	8,6
767,8	8,4
768,1	8,3
768,5	8,3
768,8	8,5
769,1	8,7
769,4	8,8
769,8	8,7
770,1	8,6
770,4	8,6
770,7	8,5
771,1	8,4
771,4	8,3
771,7	8,2
772,0	8,2
772,3	8,1
772,7	8,1
773,0	8,1
773,3	8,0
773,6	8,0
774,0	8,1
774,3	8,2
774,6	8,2
774,9	8,2
775,3	8,2
775,6	8,2
775,9	8,2
776,2	8,1
776,6	8,0
776,9	8,1
777,2	8,0
777,5	8,0
777,8	8,0
778,2	8,1
778,5	8,2
778,8	8,3
779,1	8,3
779,5	8,1
779,8	8,1
780,1	8,1
780,4	8,2
780,7	8,4
781,1	8,5
781,4	8,6
781,7	8,4
782,0	8,2
782,4	8,1
782,7	8,2
783,0	8,2
783,3	8,1
783,6	8,1
784,0	8,1
784,3	8,1
784,6	8,1
784,9	8,1
785,3	8,1
785,6	8,1
785,9	8,3
786,2	8,4
786,5	8,4
786,9	8,3
787,2	8,2
787,5	8,1
787,8	8,1
788,1	8,2
788,5	8,6
788,8	9,5
789,1	10,5
789,4	11,2
789,7	11,2
790,1	10,6
790,4	9,8
790,7	9,2
791,0	8,9
791,4	8,6
791,7	8,5
792,0	8,4
792,3	8,3
792,6	8,1
793,0	8,1
793,3	8,1
793,6	8,1
793,9	8,1
794,2	8,2
794,6	8,2
794,9	8,1
795,2	8,1
795,5	8,1
795,8	8,1
796,2	8,2
796,5	8,3
796,8	8,6
797,1	9,0
797,4	9,3
797,8	9,3
798,1	9,0
798,4	8,8
798,7	8,5
799,0	8,3
799,4	8,3
799,7	8,2
800,0	8,2
800,3	8,2
800,6	8,1
801,0	8,1
801,3	8,1
801,6	8,1
801,9	8,1
802,2	8,1
802,5	8,1
802,9	8,1
803,2	8,1
803,5	8,2
803,8	8,2
804,1	8,2
804,5	8,2
804,8	8,2
805,1	8,2
805,4	8,2
805,7	8,3
806,1	8,6
806,4	8,9
806,7	9,1
807,0	9,0
807,3	8,8
807,6	8,6
808,0	8,5
808,3	8,4
808,6	8,3
808,9	8,3
809,2	8,2
809,5	8,2
809,9	8,2
810,2	8,3
810,5	8,5
810,8	8,9
811,1	9,5
811,5	10,4
811,8	11,3
812,1	11,5
812,4	11,1
812,7	10,2
813,0	9,5
813,4	9,1
813,7	8,9
814,0	8,7
814,3	8,6
814,6	8,5
814,9	8,3
815,3	8,3
815,6	8,3
815,9	8,2
816,2	8,1
816,5	8,2
816,8	8,2
817,2	8,3
817,5	8,4
817,8	8,4
818,1	8,4
818,4	8,4
818,7	8,3
819,1	8,4
819,4	8,7
819,7	8,9
820,0	9,0
820,3	9,2
820,6	9,5
821,0	10,0
821,3	10,6
821,6	10,8
821,9	10,5
822,2	10,5
822,5	12,3
822,9	24,1
823,2	54,9
823,5	87,8
823,8	100,0
824,1	100,0
824,4	100,0
824,7	87,6
825,1	60,1
825,4	40,8
825,7	34,0
826,0	29,8
826,3	26,6
826,6	23,5
827,0	20,0
827,3	16,9
827,6	17,5
827,9	27,6
828,2	47,5
828,5	66,6
828,8	73,2
829,2	63,9
829,5	47,0
829,8	33,9
830,1	27,1
830,4	23,2
830,7	20,7
831,0	18,6
831,4	16,8
831,7	14,8
832,0	12,7
832,3	10,8
832,6	9,7
832,9	9,1
833,2	8,8
833,6	8,6
833,9	8,5
834,2	8,6
834,5	9,5
834,8	11,5
835,1	13,5
835,4	14,4
835,8	13,8
836,1	12,2
836,4	10,8
836,7	10,0
837,0	9,6
837,3	9,4
837,6	9,2
837,9	9,0
838,3	8,9
838,6	8,7
838,9	8,5
839,2	8,2
839,5	8,1
839,8	8,2
840,1	8,2
840,5	8,3
840,8	9,0
841,1	10,2
841,4	11,3
841,7	11,8
842,0	11,3
842,3	10,3
842,6	9,5
843,0	9,2
843,3	9,0
843,6	8,8
843,9	8,6
844,2	8,5
844,5	8,4
844,8	8,3
845,1	8,3
845,5	8,3
845,8	8,3
846,1	8,2
846,4	8,1
846,7	8,1
847,0	8,1
847,3	8,1
847,6	8,0
847,9	8,0
848,3	8,0
848,6	8,0
848,9	8,1
849,2	8,0
849,5	8,0
849,8	8,0
850,1	8,0
850,4	8,0
850,7	8,1
851,1	8,1
851,4	8,1
851,7	8,1
852,0	8,1
852,3	8,1
852,6	8,1
852,9	8,1
853,2	8,1
853,5	8,1
853,9	8,1
854,2	8,1
854,5	8,1
854,8	8,2
855,1	8,2
855,4	8,1
855,7	8,1
856,0	8,0
856,3	8,0
856,7	8,0
857,0	8,1
857,3	8,1
857,6	8,2
857,9	8,2
858,2	8,3
858,5	8,3
858,8	8,2
859,1	8,2
859,4	8,1
859,8	8,1
860,1	8,1
860,4	8,1
860,7	8,1
861,0	8,1
861,3	8,1
861,6	8,1
861,9	8,0
862,2	8,1
862,5	8,2
862,8	8,2
863,2	8,1
863,5	8,1
863,8	8,0
864,1	8,0
864,4	8,1
864,7	8,2
865,0	8,2
865,3	8,3
865,6	8,4
865,9	8,4
866,2	8,3
866,6	8,1
866,9	8,1
867,2	8,1
867,5	8,1
867,8	8,1
868,1	8,1
868,4	8,1
868,7	8,1
869,0	8,1
869,3	8,2
869,6	8,2
869,9	8,2
870,2	8,2
870,6	8,2
870,9	8,2
871,2	8,2
871,5	8,2
871,8	8,1
872,1	8,1
872,4	8,1
872,7	8,1
873,0	8,1
873,3	8,1
873,6	8,2
873,9	8,5
874,2	8,7
874,6	8,9
874,9	8,9
875,2	8,7
875,5	8,6
875,8	8,5
876,1	8,4
876,4	8,4
876,7	8,5
877,0	8,4
877,3	8,4
877,6	8,6
877,9	8,7
878,2	8,7
878,5	8,8
878,9	8,7
879,2	8,6
879,5	8,5
879,8	8,6
880,1	8,6
880,4	8,6
880,7	8,7
881,0	9,0
881,3	10,6
881,6	17,7
881,9	33,8
882,2	52,8
882,5	64,6
882,8	64,3
883,1	53,6
883,4	41,4
883,7	34,0
884,1	29,5
884,4	26,1
884,7	23,6
885,0	21,6
885,3	20,1
885,6	18,7
885,9	17,4
886,2	15,9
886,5	14,2
886,8	12,4
887,1	10,8
887,4	9,9
887,7	9,4
888,0	9,0
888,3	8,7
888,6	8,6
888,9	8,5
889,2	8,5
889,5	8,4
889,9	8,3
890,2	8,4
890,5	8,4
890,8	8,5
891,1	8,5
891,4	8,6
891,7	8,6
892,0	8,4
892,3	8,3
892,6	8,4
892,9	8,6
893,2	8,9
893,5	9,2
893,8	9,2
894,1	9,1
894,4	9,1
894,7	9,6
895,0	11,7
895,3	15,6
895,6	19,3
895,9	21,2
896,2	20,5
896,5	18,0
896,8	15,7
897,1	14,2
897,4	13,3
897,8	12,5
898,1	11,9
898,4	11,5
898,7	11,3
899,0	11,0
899,3	10,8
899,6	10,5
899,9	9,9
900,2	9,3
900,5	8,8
900,8	8,6
901,1	8,4
901,4	8,3
901,7	8,3
902,0	8,2
902,3	8,2
902,6	8,2
902,9	8,3
903,2	8,3
903,5	8,4
903,8	8,5
904,1	9,0
904,4	10,6
904,7	13,1
905,0	15,4
905,3	16,4
905,6	15,8
905,9	14,1
906,2	12,6
906,5	11,8
906,8	11,4
907,1	11,1
907,4	10,7
907,7	10,2
908,0	10,0
908,3	9,7
908,6	9,6
908,9	9,4
909,2	9,1
909,5	8,8
909,8	8,6
910,1	8,4
910,4	8,3
910,7	8,2
911,0	8,1
911,3	8,1
911,6	8,1
911,9	8,1
912,2	8,1
912,5	8,0
912,8	8,0
913,1	8,0
913,4	8,1
913,7	8,2
914,1	8,2
914,4	8,2
914,7	8,2
915,0	8,2
915,3	8,3
915,6	8,5
915,9	9,1
916,2	11,0
916,5	14,2
916,8	17,8
917,1	20,0
917,4	20,2
917,7	18,6
918,0	16,5
918,3	14,9
918,6	13,9
918,8	13,2
919,1	12,5
919,4	11,9
919,7	11,6
920,0	11,3
920,3	11,0
920,6	10,7
920,9	10,4
921,2	9,9
921,5	9,4
921,8	9,0
922,1	8,6
922,4	8,4
922,7	8,3
923,0	8,2
923,3	8,2
923,6	8,2
923,9	8,1
924,2	8,1
924,5	8,1
924,8	8,2
925,1	8,2
925,4	8,1
925,7	8,0
926,0	8,0
926,3	8,0
926,6	8,0
926,9	8,0
927,2	8,1
927,5	8,1
927,8	8,1
928,1	8,1
928,4	8,1
928,7	8,1
929,0	8,0
929,3	8,0
929,6	8,0
929,9	8,0
930,2	8,1
930,5	8,1
930,8	8,1
931,1	8,2
931,4	8,2
931,7	8,2
932,0	8,2
932,3	8,2
932,6	8,2
932,9	8,1
933,2	8,1
933,5	8,1
933,8	8,1
934,1	8,1
934,4	8,1
934,7	8,1
934,9	8,1
935,2	8,1
935,5	8,0
935,8	8,0
936,1	8,1
936,4	8,1
936,7	8,1
937,0	8,0
937,3	8,1
937,6	8,1
937,9	8,3
938,2	8,4
938,5	8,6
938,8	8,5
939,1	8,4
939,4	8,4
939,7	8,3
940,0	8,3
940,3	8,3
940,6	8,3
940,9	8,2
941,2	8,2
941,5	8,1
941,8	8,2
942,1	8,2
942,3	8,1
942,6	8,2
942,9	8,3
943,2	8,2
943,5	8,1
943,8	8,1
944,1	8,1
944,4	8,1
944,7	8,2
945,0	8,2
945,3	8,2
945,6	8,2
945,9	8,2
946,2	8,2
946,5	8,2
946,8	8,2
947,1	8,1
947,4	8,1
947,7	8,1
948,0	8,1
948,2	8,1
948,5	8,1
948,8	8,0
949,1	8,0
949,4	8,1
949,7	8,1
950,0	8,1
950,3	8,1
950,6	8,0
950,9	8,1
951,2	8,1
951,5	8,2
951,8	8,3
952,1	8,4
952,4	8,6
952,7	8,8
952,9	8,8
953,2	8,7
953,5	8,6
953,8	8,5
954,1	8,4
954,4	8,3
954,7	8,3
955,0	8,3
955,3	8,3
955,6	8,3
955,9	8,3
956,2	8,2
956,5	8,2
956,8	8,1
957,0	8,1
957,3	8,0
957,6	8,0
957,9	8,0
958,2	8,0
958,5	8,0
958,8	8,0
959,1	8,0
959,4	8,1
959,7	8,1
960,0	8,1
960,3	8,0
960,6	8,0
960,8	8,1
961,1	8,1
961,4	8,1
961,7	8,2
962,0	8,2
962,3	8,1
962,6	8,0
962,9	8,0
963,2	8,0
963,5	8,0
963,8	8,1
964,1	8,1
964,3	8,1
964,6	8,1
964,9	8,1
965,2	8,0
965,5	8,0
965,8	8,0
966,1	8,0
966,4	8,0
966,7	8,1
967,0	8,0
967,3	7,9
967,5	8,0
967,8	8,0
968,1	8,0
968,4	8,0
968,7	7,9
969,0	7,9
969,3	8,0
969,6	8,0
969,9	8,1
970,2	8,1
970,5	8,1
970,7	8,2
971,0	8,2
971,3	8,2
971,6	8,2
971,9	8,2
972,2	8,2
972,5	8,1
972,8	8,1
973,1	8,1
973,4	8,0
973,6	8,1
973,9	8,1
974,2	8,1
974,5	8,0
974,8	8,0
975,1	8,0
975,4	8,1
975,7	8,1
976,0	8,1
976,2	8,1
976,5	8,1
976,8	8,0
977,1	8,0
977,4	8,0
977,7	8,0
978,0	8,1
978,3	8,0
978,6	8,0
978,8	7,9
979,1	7,9
979,4	8,0
979,7	8,1
980,0	8,1
980,3	8,0
980,6	8,1
980,9	8,2
981,2	8,3
981,4	8,6
981,7	9,0
982,0	9,7
982,3	10,3
982,6	10,7
982,9	10,7
983,2	10,4
983,5	10,0
983,7	9,7
984,0	9,6
984,3	9,5
984,6	9,4
984,9	9,2
985,2	9,1
985,5	9,0
985,8	8,9
986,0	8,7
986,3	8,6
986,6	8,4
986,9	8,3
987,2	8,2
987,5	8,1
987,8	8,1
988,1	8,0
988,3	8,0
988,6	8,0
988,9	8,0
989,2	8,0
989,5	8,0
989,8	8,0
990,1	8,0
990,3	8,0
990,6	8,1
990,9	8,0
991,2	8,0
991,5	8,0
991,8	8,0
992,1	8,1
992,3	8,0
992,6	8,0
992,9	8,0
993,2	8,0
993,5	8,1
993,8	8,1
994,1	8,1
994,4	8,2
994,6	8,4
994,9	8,7
995,2	9,0
995,5	9,2
995,8	9,3
996,1	9,4
996,3	9,3
996,6	9,0
996,9	8,9
997,2	8,8
997,5	8,8
997,8	8,9
998,1	8,8
998,3	8,6
998,6	8,5
998,9	8,4
999,2	8,4
999,5	8,2
999,8	8,1
1000,1	8,0
1000,3	8,0
1000,6	8,0
1000,9	8,0
1001,2	8,1
1001,5	8,1
1001,8	8,1
1002,0	8,1
1002,3	8,1
1002,6	8,0
1002,9	8,0
1003,2	8,0
1003,5	8,0
1003,7	8,0
1004,0	8,0
1004,3	8,0
1004,6	8,0
1004,9	8,0
1005,2	8,0
1005,4	8,0
1005,7	8,0
1006,0	8,0
1006,3	8,0
1006,6	8,0
1006,9	8,0
1007,1	8,1
1007,4	8,0
1007,7	8,0
1008,0	8,1
1008,3	8,0
1008,6	7,9
1008,8	7,9
1009,1	8,0
1009,4	8,0
1009,7	8,0
1010,0	8,0
1010,3	8,0
1010,5	8,0
1010,8	8,0
1011,1	8,1
1011,4	8,0
1011,7	7,9
1012,0	8,0
1012,2	8,0
1012,5	8,0
1012,8	8,0
1013,1	8,1
1013,4	8,0
1013,6	8,0
1013,9	8,0
1014,2	8,0
1014,5	8,0
1014,8	8,1
1015,1	8,1
1015,3	8,1
1015,6	8,0
1015,9	8,0
1016,2	8,1
1016,5	8,2
1016,7	8,1
1017,0	8,0
1017,3	7,9
1017,6	8,0
1017,9	8,1
1018,1	8,1
1018,4	8,0
1018,7	7,9
1019,0	7,9
1019,3	7,9
1019,6	8,0
